Initial Board:
1 3 2 8 6 6 4 4 6 7 
3 9 9 1 9 6 4 7 9 9 
1 9 6 5 4 1 7 5 2 8 
5 7 1 5 4 7 7 6 2 6 
2 6 3 7 3 6 4 4 1 9 
4 * 8 6 3 3 1 7 2 7 
1 7 2 8 7 9 6 3 8 9 
9 6 9 8 3 2 5 6 7 6 
3 5 9 1 9 8 6 8 2 1 
6 6 4 4 3 6 5 6 1 4 

Step 1:
1 3 2 8 6 6 4 4 6 7 
3 9 9 1 9 6 4 7 9 9 
1 9 6 5 4 1 7 5 2 8 
5 7 1 5 4 7 7 6 2 6 
2 6 3 7 3 6 4 4 1 9 
4   8 6 3 3 1 7 2 * 
1 7 2 8 7 9 6 3 8 9 
9 6 9 8 3 2 5 6 7 6 
3 5 9 1 9 8 6 8 2 1 
6 6 4 4 3 6 5 6 1 4 

Step 2:
1 3 2 8 6 6 4 4 6 7 
3 9 9 1 9 6 4 7 9 9 
1 9 6 5 4 1 7 5 2 8 
5 7 1 5 4 7 7 6 2 6 
2 6 3 7 3 6 4 4 1 9 
4   8 6 3 3 1 * 2   
1 7 2 8 7 9 6 3 8 9 
9 6 9 8 3 2 5 6 7 6 
3 5 9 1 9 8 6 8 2 1 
6 6 4 4 3 6 5 6 1 4 

Step 3:
1 3 2 8 6 6 4 4 6 7 
3 9 9 1 9 6 4 7 9 9 
1 9 6 5 4 1 7 5 2 8 
5 7 1 5 4 7 7 6 2 6 
2 6 3 7 3 6 4 4 1 9 
4   8 6 3 3 1   2   
1 7 2 8 7 9 6 3 8 9 
9 6 9 8 3 2 5 6 7 6 
3 5 9 1 9 8 6 * 2 1 
6 6 4 4 3 6 5 6 1 4 

Step 4:
1 3 2 8 6 6 4 4 6 7 
3 9 9 1 9 6 4 7 9 9 
1 9 6 5 4 1 7 * 2 8 
5 7 1 5 4 7 7 6 2 6 
2 6 3 7 3 6 4 4 1 9 
4   8 6 3 3 1   2   
1 7 2 8 7 9 6 3 8 9 
9 6 9 8 3 2 5 6 7 6 
3 5 9 1 9 8 6   2 1 
6 6 4 4 3 6 5 6 1 4 

Step 5:
1 3 2 8 6 6 4 4 6 7 
3 9 9 1 9 6 4 7 9 9 
* 9 6 5 4 1 7   2 8 
5 7 1 5 4 7 7 6 2 6 
2 6 3 7 3 6 4 4 1 9 
4   8 6 3 3 1   2   
1 7 2 8 7 9 6 3 8 9 
9 6 9 8 3 2 5 6 7 6 
3 5 9 1 9 8 6   2 1 
6 6 4 4 3 6 5 6 1 4 

Step 6:
1 3 2 8 6 6 4 4 6 7 
3 9 9 1 9 6 4 7 9 9 
  9 6 5 4 1 7   2 8 
5 7 1 5 4 7 7 6 2 6 
2 6 3 7 3 6 4 4 1 9 
4   8 6 3 3 1   2   
1 7 2 8 7 9 6 3 8 9 
9 6 9 8 3 2 5 6 7 6 
3 5 9 1 9 8 6   2 1 
6 6 4 4 3 6 5 * 1 4 

Step 7:
1 3 2 8 6 6 4 4 6 7 
3 9 9 1 9 6 4 7 9 9 
  9 6 5 4 1 7   2 8 
5 * 1 5 4 7 7 6 2 6 
2 6 3 7 3 6 4 4 1 9 
4   8 6 3 3 1   2   
1 7 2 8 7 9 6 3 8 9 
9 6 9 8 3 2 5 6 7 6 
3 5 9 1 9 8 6   2 1 
6 6 4 4 3 6 5   1 4 

Step 8:
1 3 2 8 6 6 4 4 6 7 
3 9 9 1 9 6 4 7 9 9 
  9 6 5 4 1 7   2 8 
5   1 5 4 7 7 6 2 6 
2 6 3 7 3 6 4 4 1 9 
4   8 6 3 3 1   2   
1 7 2 8 7 9 6 3 8 9 
9 6 9 8 3 2 5 6 7 6 
3 5 9 1 9 8 6   2 1 
6 * 4 4 3 6 5   1 4 

Step 9:
1 3 2 8 6 6 4 4 6 7 
3 9 9 1 9 6 4 7 9 9 
  9 6 5 4 1 7   2 8 
5   1 5 4 7 7 6 2 6 
2 * 3 7 3 6 4 4 1 9 
4   8 6 3 3 1   2   
1 7 2 8 7 9 6 3 8 9 
9 6 9 8 3 2 5 6 7 6 
3 5 9 1 9 8 6   2 1 
6   4 4 3 6 5   1 4 

Step 10:
1 3 2 8 6 6 4 4 6 7 
3 9 9 1 9 6 4 7 9 9 
  9 6 5 4 1 7   2 8 
5   1 5 4 7 7 6 2 6 
2   3 7 * 6 4 4 1 9 
4   8 6 3 3 1   2   
1 7 2 8 7 9 6 3 8 9 
9 6 9 8 3 2 5 6 7 6 
3 5 9 1 9 8 6   2 1 
6   4 4 3 6 5   1 4 

Step 11:
1 3 2 8 * 6 4 4 6 7 
3 9 9 1 9 6 4 7 9 9 
  9 6 5 4 1 7   2 8 
5   1 5 4 7 7 6 2 6 
2   3 7   6 4 4 1 9 
4   8 6 3 3 1   2   
1 7 2 8 7 9 6 3 8 9 
9 6 9 8 3 2 5 6 7 6 
3 5 9 1 9 8 6   2 1 
6   4 4 3 6 5   1 4 

Step 12:
1 3 2 8   6 4 4 6 7 
3 9 9 1 9 6 4 7 9 9 
  9 6 5 4 1 7   2 8 
5   1 5 4 7 7 6 2 6 
2   3 7   6 4 4 1 9 
4   8 6 3 3 1   2   
1 7 2 8 7 9 6 3 8 9 
9 6 9 8 3 2 5 6 7 6 
3 5 9 1 9 8 6   2 1 
6   4 4 * 6 5   1 4 

Step 13:
1 3 2 8   6 4 4 6 7 
3 9 9 1 9 6 4 7 9 9 
  9 6 5 4 1 7   2 8 
5   1 5 4 7 7 6 2 6 
2   3 7   6 4 4 1 9 
4   8 6 3 3 1   2   
1 7 2 8 7 9 6 3 8 9 
9 6 9 8 3 2 5 6 7 6 
3 5 9 1 9 8 6   2 1 
*   4 4   6 5   1 4 

Step 14:
1 3 2 8   6 4 4 6 7 
3 9 9 1 9 6 4 7 9 9 
  9 6 5 4 1 7   2 8 
5   1 5 4 7 7 6 2 6 
2   3 7   * 4 4 1 9 
4   8 6 3 3 1   2   
1 7 2 8 7 9 6 3 8 9 
9 6 9 8 3 2 5 6 7 6 
3 5 9 1 9 8 6   2 1 
    4 4   6 5   1 4 

Step 15:
1 * 2 8   6 4 4 6 7 
3 9 9 1 9 6 4 7 9 9 
  9 6 5 4 1 7   2 8 
5   1 5 4 7 7 6 2 6 
2   3 7     4 4 1 9 
4   8 6 3 3 1   2   
1 7 2 8 7 9 6 3 8 9 
9 6 9 8 3 2 5 6 7 6 
3 5 9 1 9 8 6   2 1 
    4 4   6 5   1 4 

Step 16:
*   2 8   6 4 4 6 7 
3 9 9 1 9 6 4 7 9 9 
  9 6 5 4 1 7   2 8 
5   1 5 4 7 7 6 2 6 
2   3 7     4 4 1 9 
4   8 6 3 3 1   2   
1 7 2 8 7 9 6 3 8 9 
9 6 9 8 3 2 5 6 7 6 
3 5 9 1 9 8 6   2 1 
    4 4   6 5   1 4 

Step 17:
    2 8   6 4 4 6 7 
3 9 9 1 9 6 4 7 9 9 
  9 6 5 4 1 7   2 8 
*   1 5 4 7 7 6 2 6 
2   3 7     4 4 1 9 
4   8 6 3 3 1   2   
1 7 2 8 7 9 6 3 8 9 
9 6 9 8 3 2 5 6 7 6 
3 5 9 1 9 8 6   2 1 
    4 4   6 5   1 4 

Step 18:
    2 8   6 4 4 6 7 
3 9 9 1 9 6 4 7 9 9 
  9 6 5 4 1 7   2 8 
    1 5 4 7 7 6 2 6 
2   3 7     4 4 1 9 
*   8 6 3 3 1   2   
1 7 2 8 7 9 6 3 8 9 
9 6 9 8 3 2 5 6 7 6 
3 5 9 1 9 8 6   2 1 
    4 4   6 5   1 4 

Step 19:
    2 8   6 4 4 6 7 
3 9 9 1 9 6 4 7 9 9 
  9 6 5 4 1 7   2 8 
    1 5 4 7 7 6 2 6 
2   3 7     4 4 1 9 
    8 6 3 3 1   2   
* 7 2 8 7 9 6 3 8 9 
9 6 9 8 3 2 5 6 7 6 
3 5 9 1 9 8 6   2 1 
    4 4   6 5   1 4 

Step 20:
    2 8   6 4 4 6 7 
3 9 9 1 9 6 4 7 9 9 
  9 6 5 4 1 7   2 8 
    1 5 4 7 7 6 2 6 
2   3 7     4 4 1 9 
    8 6 3 3 1   2   
  7 2 8 7 9 6 * 8 9 
9 6 9 8 3 2 5 6 7 6 
3 5 9 1 9 8 6   2 1 
    4 4   6 5   1 4 

Step 21:
    2 8   6 4 4 6 7 
3 9 9 1 9 6 4 7 9 9 
  9 6 5 4 1 7   2 8 
    1 5 4 7 7 6 2 6 
2   3 7     4 4 1 9 
    8 6 3 3 1   2   
  * 2 8 7 9 6   8 9 
9 6 9 8 3 2 5 6 7 6 
3 5 9 1 9 8 6   2 1 
    4 4   6 5   1 4 

Step 22:
    2 8   6 4 4 6 7 
3 9 9 1 9 6 4 7 9 9 
  9 6 5 4 1 7   2 8 
    1 5 4 7 7 6 2 6 
2   3 7     4 4 1 9 
    8 6 3 3 1   2   
    2 * 7 9 6   8 9 
9 6 9 8 3 2 5 6 7 6 
3 5 9 1 9 8 6   2 1 
    4 4   6 5   1 4 

Step 23:
    2 8   6 4 4 6 7 
3 9 9 1 9 6 4 7 9 9 
  9 6 5 4 1 7   2 8 
    1 5 4 7 * 6 2 6 
2   3 7     4 4 1 9 
    8 6 3 3 1   2   
    2   7 9 6   8 9 
9 6 9 8 3 2 5 6 7 6 
3 5 9 1 9 8 6   2 1 
    4 4   6 5   1 4 

Step 24:
    2 8   6 4 4 6 7 
3 9 9 1 9 6 4 7 9 9 
  9 6 5 4 * 7   2 8 
    1 5 4 7   6 2 6 
2   3 7     4 4 1 9 
    8 6 3 3 1   2   
    2   7 9 6   8 9 
9 6 9 8 3 2 5 6 7 6 
3 5 9 1 9 8 6   2 1 
    4 4   6 5   1 4 

Step 25:
    2 8   6 4 4 6 7 
3 9 9 1 9 6 4 7 9 9 
  * 6 5 4   7   2 8 
    1 5 4 7   6 2 6 
2   3 7     4 4 1 9 
    8 6 3 3 1   2   
    2   7 9 6   8 9 
9 6 9 8 3 2 5 6 7 6 
3 5 9 1 9 8 6   2 1 
    4 4   6 5   1 4 

Step 26:
    2 8   6 4 4 6 7 
3 9 9 1 9 6 4 7 9 9 
    6 5 4   7   2 8 
    * 5 4 7   6 2 6 
2   3 7     4 4 1 9 
    8 6 3 3 1   2   
    2   7 9 6   8 9 
9 6 9 8 3 2 5 6 7 6 
3 5 9 1 9 8 6   2 1 
    4 4   6 5   1 4 

Step 27:
    2 8   6 4 4 6 7 
3 9 9 1 9 6 4 7 9 9 
    6 5 4   7   2 8 
      5 4 7   * 2 6 
2   3 7     4 4 1 9 
    8 6 3 3 1   2   
    2   7 9 6   8 9 
9 6 9 8 3 2 5 6 7 6 
3 5 9 1 9 8 6   2 1 
    4 4   6 5   1 4 

Step 28:
    2 8   6 4 4 6 7 
3 9 9 1 9 6 4 7 9 9 
    6 5 4   7   2 8 
      5 4 7     2 6 
2   3 7     4 4 1 9 
    8 6 3 3 1   2   
    2   7 9 6   8 9 
9 6 9 * 3 2 5 6 7 6 
3 5 9 1 9 8 6   2 1 
    4 4   6 5   1 4 

Step 29:
    2 8   6 4 4 6 7 
3 9 9 1 9 6 4 7 9 9 
    6 5 4   7   2 8 
      5 4 7     2 6 
2   3 7     4 4 1 9 
    8 6 3 3 1   2   
    2   7 9 6   8 9 
9 6 9   3 2 5 6 7 6 
3 5 9 * 9 8 6   2 1 
    4 4   6 5   1 4 

Step 30:
    2 8   6 4 4 6 7 
3 9 9 1 9 6 4 7 9 9 
    6 5 4   7   2 8 
      5 4 7     2 6 
2   3 7     4 4 1 9 
    8 6 3 3 *   2   
    2   7 9 6   8 9 
9 6 9   3 2 5 6 7 6 
3 5 9   9 8 6   2 1 
    4 4   6 5   1 4 

Step 31:
    2 8   6 4 4 6 7 
3 9 9 1 9 6 * 7 9 9 
    6 5 4   7   2 8 
      5 4 7     2 6 
2   3 7     4 4 1 9 
    8 6 3 3     2   
    2   7 9 6   8 9 
9 6 9   3 2 5 6 7 6 
3 5 9   9 8 6   2 1 
    4 4   6 5   1 4 

Step 32:
    2 8   6 4 4 6 7 
* 9 9 1 9 6   7 9 9 
    6 5 4   7   2 8 
      5 4 7     2 6 
2   3 7     4 4 1 9 
    8 6 3 3     2   
    2   7 9 6   8 9 
9 6 9   3 2 5 6 7 6 
3 5 9   9 8 6   2 1 
    4 4   6 5   1 4 

Step 33:
    2 8   6 4 4 6 7 
  9 9 1 9 6   7 9 * 
    6 5 4   7   2 8 
      5 4 7     2 6 
2   3 7     4 4 1 9 
    8 6 3 3     2   
    2   7 9 6   8 9 
9 6 9   3 2 5 6 7 6 
3 5 9   9 8 6   2 1 
    4 4   6 5   1 4 

Step 34:
    2 8   6 4 4 6 7 
  9 9 1 9 6   7 9   
    6 5 4   7   2 8 
      5 4 7     2 6 
2   3 7     4 4 1 9 
    8 6 3 3     2   
    2   7 9 6   8 9 
9 6 9   3 2 5 6 7 6 
3 5 9   9 8 6   2 1 
    4 4   6 5   1 * 

Step 35:
    2 8   6 4 4 6 7 
  9 9 1 9 6   7 9   
    6 5 4   7   2 8 
      5 4 7     2 6 
2   3 7     4 4 1 9 
    8 6 3 3     2   
    2   7 9 6   8 9 
9 6 9   3 2 5 6 7 6 
3 5 9   9 8 6   2 1 
    4 4   6 5   *   

Step 36:
    2 8   6 4 4 6 7 
  9 9 1 9 6   7 9   
    6 5 4   7   2 8 
      5 4 7     2 6 
2   3 7     4 4 1 9 
    8 6 3 3     2   
    2   7 9 6   8 9 
9 6 9   3 2 5 6 * 6 
3 5 9   9 8 6   2 1 
    4 4   6 5       

Step 37:
    2 8   6 4 4 6 7 
  9 9 1 9 6   7 9   
    6 5 4   7   2 8 
      5 4 7     2 6 
2   3 7     4 4 1 9 
    8 6 3 3     2   
    2   7 9 6   8 9 
9 6 9   3 2 5 6   6 
3 5 9   9 8 6   2 * 
    4 4   6 5       

Step 38:
    2 8   6 4 4 6 7 
  9 9 1 9 6   7 9   
    6 5 4   7   2 * 
      5 4 7     2 6 
2   3 7     4 4 1 9 
    8 6 3 3     2   
    2   7 9 6   8 9 
9 6 9   3 2 5 6   6 
3 5 9   9 8 6   2   
    4 4   6 5       

Step 39:
    2 8   6 4 4 6 7 
  9 9 1 9 6   7 9   
    6 5 4   7   2   
      5 4 7     2 6 
2   3 7     4 * 1 9 
    8 6 3 3     2   
    2   7 9 6   8 9 
9 6 9   3 2 5 6   6 
3 5 9   9 8 6   2   
    4 4   6 5       

Step 40:
    2 8   6 4 4 6 7 
  9 9 1 9 6   7 9   
    6 5 4   7   2   
      5 4 7     2 6 
2   3 *     4   1 9 
    8 6 3 3     2   
    2   7 9 6   8 9 
9 6 9   3 2 5 6   6 
3 5 9   9 8 6   2   
    4 4   6 5       

Step 41:
    2 8   6 4 * 6 7 
  9 9 1 9 6   7 9   
    6 5 4   7   2   
      5 4 7     2 6 
2   3       4   1 9 
    8 6 3 3     2   
    2   7 9 6   8 9 
9 6 9   3 2 5 6   6 
3 5 9   9 8 6   2   
    4 4   6 5       

Step 42:
    2 8   6 4   6 7 
  9 9 1 9 6   7 9   
    6 5 4   7   2   
      5 4 7     2 6 
2   3       4   1 9 
    8 6 3 3     2   
    2   7 9 6   8 9 
9 6 9   3 2 5 *   6 
3 5 9   9 8 6   2   
    4 4   6 5       

Step 43:
    2 8   6 4   6 7 
  * 9 1 9 6   7 9   
    6 5 4   7   2   
      5 4 7     2 6 
2   3       4   1 9 
    8 6 3 3     2   
    2   7 9 6   8 9 
9 6 9   3 2 5     6 
3 5 9   9 8 6   2   
    4 4   6 5       

