Initial Board:
9 4 8 7 2 9 3 5 8 6 6 3 8 8 7 4 6 6 7 6 8 6 3 8 2 
8 1 7 9 2 4 6 7 3 6 7 5 8 5 2 3 3 6 8 7 2 9 4 2 4 
2 6 3 6 9 9 6 1 4 7 8 5 9 2 4 5 3 2 6 3 9 9 4 3 1 
6 4 7 9 5 8 6 9 4 * 1 4 7 7 2 7 5 1 3 3 4 1 3 5 1 
2 4 8 5 4 1 5 6 4 3 5 2 7 2 4 6 4 2 9 8 6 1 5 3 1 
3 5 6 2 2 6 2 2 9 2 5 1 9 1 6 1 4 6 9 4 1 5 2 1 4 
2 7 9 4 7 9 7 8 8 7 4 2 5 7 3 8 5 6 3 4 9 3 4 4 6 
9 1 7 2 3 9 3 9 9 7 6 5 8 8 2 1 5 4 7 5 3 5 3 4 8 
6 4 5 4 9 9 6 4 9 6 9 2 8 3 8 6 4 9 3 3 4 1 5 8 1 
1 7 4 8 4 7 5 7 7 8 4 5 8 7 3 9 1 7 1 7 2 7 2 8 4 
9 6 7 9 3 9 4 1 2 4 4 9 8 9 7 1 3 6 7 6 5 4 3 1 2 
7 5 1 6 7 8 6 4 1 1 2 2 1 2 7 3 3 5 9 6 8 9 8 8 6 
1 3 4 8 3 4 3 6 9 5 9 9 3 9 3 4 6 7 6 4 2 4 3 4 2 
8 2 2 6 7 8 2 2 8 7 3 3 1 9 5 5 4 1 4 8 8 8 3 2 3 
4 8 6 4 3 7 1 1 4 5 1 1 5 9 6 8 5 3 7 1 2 5 2 5 5 
2 1 9 2 5 9 5 7 8 5 2 7 1 2 3 5 2 7 5 4 5 3 8 1 6 
4 7 5 9 8 4 8 1 7 4 4 2 2 7 5 6 2 7 8 3 2 1 8 5 4 
9 4 9 5 7 2 9 4 9 2 4 6 4 9 1 7 8 9 8 1 6 4 1 1 3 
8 3 5 9 1 9 5 3 9 3 9 2 9 9 3 4 5 7 7 2 6 5 2 3 4 
2 6 9 6 8 2 5 4 7 6 1 4 2 2 2 6 4 5 1 7 6 6 2 5 1 
4 4 9 7 9 4 9 5 2 9 4 9 2 2 9 3 2 5 6 6 9 1 3 4 7 
1 2 8 6 3 2 6 8 6 9 8 2 5 5 3 4 8 9 5 3 7 7 1 4 7 
8 6 2 6 5 2 6 5 2 9 4 6 3 6 7 1 4 2 8 2 3 1 1 7 1 
7 2 8 2 2 9 8 9 8 4 2 9 7 3 8 3 4 7 4 6 4 6 6 1 4 
7 4 8 3 7 2 8 5 7 2 7 7 1 6 5 4 7 6 3 5 6 9 5 9 8 

Step 1:
9 4 8 7 2 9 3 5 8 6 6 3 8 8 7 4 6 6 7 6 8 6 3 8 2 
8 1 7 9 2 4 6 7 3 6 7 5 8 5 2 3 3 6 8 7 2 9 4 2 4 
2 6 3 6 9 9 6 1 4 7 8 5 9 2 4 5 3 2 6 3 9 9 4 3 1 
6 4 7 9 5 8 6 9 4   1 4 7 7 2 7 5 1 3 3 4 1 3 5 1 
2 4 8 5 4 1 5 6 4 3 5 2 7 2 4 6 4 2 9 8 6 1 5 3 1 
3 5 6 2 2 6 2 2 9 2 5 1 9 1 6 1 4 6 9 4 1 5 2 1 4 
2 7 9 4 7 9 7 8 8 * 4 2 5 7 3 8 5 6 3 4 9 3 4 4 6 
9 1 7 2 3 9 3 9 9 7 6 5 8 8 2 1 5 4 7 5 3 5 3 4 8 
6 4 5 4 9 9 6 4 9 6 9 2 8 3 8 6 4 9 3 3 4 1 5 8 1 
1 7 4 8 4 7 5 7 7 8 4 5 8 7 3 9 1 7 1 7 2 7 2 8 4 
9 6 7 9 3 9 4 1 2 4 4 9 8 9 7 1 3 6 7 6 5 4 3 1 2 
7 5 1 6 7 8 6 4 1 1 2 2 1 2 7 3 3 5 9 6 8 9 8 8 6 
1 3 4 8 3 4 3 6 9 5 9 9 3 9 3 4 6 7 6 4 2 4 3 4 2 
8 2 2 6 7 8 2 2 8 7 3 3 1 9 5 5 4 1 4 8 8 8 3 2 3 
4 8 6 4 3 7 1 1 4 5 1 1 5 9 6 8 5 3 7 1 2 5 2 5 5 
2 1 9 2 5 9 5 7 8 5 2 7 1 2 3 5 2 7 5 4 5 3 8 1 6 
4 7 5 9 8 4 8 1 7 4 4 2 2 7 5 6 2 7 8 3 2 1 8 5 4 
9 4 9 5 7 2 9 4 9 2 4 6 4 9 1 7 8 9 8 1 6 4 1 1 3 
8 3 5 9 1 9 5 3 9 3 9 2 9 9 3 4 5 7 7 2 6 5 2 3 4 
2 6 9 6 8 2 5 4 7 6 1 4 2 2 2 6 4 5 1 7 6 6 2 5 1 
4 4 9 7 9 4 9 5 2 9 4 9 2 2 9 3 2 5 6 6 9 1 3 4 7 
1 2 8 6 3 2 6 8 6 9 8 2 5 5 3 4 8 9 5 3 7 7 1 4 7 
8 6 2 6 5 2 6 5 2 9 4 6 3 6 7 1 4 2 8 2 3 1 1 7 1 
7 2 8 2 2 9 8 9 8 4 2 9 7 3 8 3 4 7 4 6 4 6 6 1 4 
7 4 8 3 7 2 8 5 7 2 7 7 1 6 5 4 7 6 3 5 6 9 5 9 8 

Step 2:
9 4 8 7 2 9 3 5 8 6 6 3 8 8 7 4 6 6 7 6 8 6 3 8 2 
8 1 7 9 2 4 6 7 3 6 7 5 8 5 2 3 3 6 8 7 2 9 4 2 4 
2 6 3 6 9 9 6 1 4 7 8 5 9 2 4 5 3 2 6 3 9 9 4 3 1 
6 4 7 9 5 8 6 9 4   1 4 7 7 2 7 5 1 3 3 4 1 3 5 1 
2 4 8 5 4 1 5 6 4 * 5 2 7 2 4 6 4 2 9 8 6 1 5 3 1 
3 5 6 2 2 6 2 2 9 2 5 1 9 1 6 1 4 6 9 4 1 5 2 1 4 
2 7 9 4 7 9 7 8 8   4 2 5 7 3 8 5 6 3 4 9 3 4 4 6 
9 1 7 2 3 9 3 9 9 7 6 5 8 8 2 1 5 4 7 5 3 5 3 4 8 
6 4 5 4 9 9 6 4 9 6 9 2 8 3 8 6 4 9 3 3 4 1 5 8 1 
1 7 4 8 4 7 5 7 7 8 4 5 8 7 3 9 1 7 1 7 2 7 2 8 4 
9 6 7 9 3 9 4 1 2 4 4 9 8 9 7 1 3 6 7 6 5 4 3 1 2 
7 5 1 6 7 8 6 4 1 1 2 2 1 2 7 3 3 5 9 6 8 9 8 8 6 
1 3 4 8 3 4 3 6 9 5 9 9 3 9 3 4 6 7 6 4 2 4 3 4 2 
8 2 2 6 7 8 2 2 8 7 3 3 1 9 5 5 4 1 4 8 8 8 3 2 3 
4 8 6 4 3 7 1 1 4 5 1 1 5 9 6 8 5 3 7 1 2 5 2 5 5 
2 1 9 2 5 9 5 7 8 5 2 7 1 2 3 5 2 7 5 4 5 3 8 1 6 
4 7 5 9 8 4 8 1 7 4 4 2 2 7 5 6 2 7 8 3 2 1 8 5 4 
9 4 9 5 7 2 9 4 9 2 4 6 4 9 1 7 8 9 8 1 6 4 1 1 3 
8 3 5 9 1 9 5 3 9 3 9 2 9 9 3 4 5 7 7 2 6 5 2 3 4 
2 6 9 6 8 2 5 4 7 6 1 4 2 2 2 6 4 5 1 7 6 6 2 5 1 
4 4 9 7 9 4 9 5 2 9 4 9 2 2 9 3 2 5 6 6 9 1 3 4 7 
1 2 8 6 3 2 6 8 6 9 8 2 5 5 3 4 8 9 5 3 7 7 1 4 7 
8 6 2 6 5 2 6 5 2 9 4 6 3 6 7 1 4 2 8 2 3 1 1 7 1 
7 2 8 2 2 9 8 9 8 4 2 9 7 3 8 3 4 7 4 6 4 6 6 1 4 
7 4 8 3 7 2 8 5 7 2 7 7 1 6 5 4 7 6 3 5 6 9 5 9 8 

Step 3:
9 4 8 7 2 9 3 5 8 6 6 3 8 8 7 4 6 6 7 6 8 6 3 8 2 
8 1 7 9 2 4 6 7 3 6 7 5 8 5 2 3 3 6 8 7 2 9 4 2 4 
2 6 3 6 9 9 6 1 4 7 8 5 9 2 4 5 3 2 6 3 9 9 4 3 1 
6 4 7 9 5 8 6 9 4   1 4 7 7 2 7 5 1 3 3 4 1 3 5 1 
2 4 8 5 4 * 5 6 4   5 2 7 2 4 6 4 2 9 8 6 1 5 3 1 
3 5 6 2 2 6 2 2 9 2 5 1 9 1 6 1 4 6 9 4 1 5 2 1 4 
2 7 9 4 7 9 7 8 8   4 2 5 7 3 8 5 6 3 4 9 3 4 4 6 
9 1 7 2 3 9 3 9 9 7 6 5 8 8 2 1 5 4 7 5 3 5 3 4 8 
6 4 5 4 9 9 6 4 9 6 9 2 8 3 8 6 4 9 3 3 4 1 5 8 1 
1 7 4 8 4 7 5 7 7 8 4 5 8 7 3 9 1 7 1 7 2 7 2 8 4 
9 6 7 9 3 9 4 1 2 4 4 9 8 9 7 1 3 6 7 6 5 4 3 1 2 
7 5 1 6 7 8 6 4 1 1 2 2 1 2 7 3 3 5 9 6 8 9 8 8 6 
1 3 4 8 3 4 3 6 9 5 9 9 3 9 3 4 6 7 6 4 2 4 3 4 2 
8 2 2 6 7 8 2 2 8 7 3 3 1 9 5 5 4 1 4 8 8 8 3 2 3 
4 8 6 4 3 7 1 1 4 5 1 1 5 9 6 8 5 3 7 1 2 5 2 5 5 
2 1 9 2 5 9 5 7 8 5 2 7 1 2 3 5 2 7 5 4 5 3 8 1 6 
4 7 5 9 8 4 8 1 7 4 4 2 2 7 5 6 2 7 8 3 2 1 8 5 4 
9 4 9 5 7 2 9 4 9 2 4 6 4 9 1 7 8 9 8 1 6 4 1 1 3 
8 3 5 9 1 9 5 3 9 3 9 2 9 9 3 4 5 7 7 2 6 5 2 3 4 
2 6 9 6 8 2 5 4 7 6 1 4 2 2 2 6 4 5 1 7 6 6 2 5 1 
4 4 9 7 9 4 9 5 2 9 4 9 2 2 9 3 2 5 6 6 9 1 3 4 7 
1 2 8 6 3 2 6 8 6 9 8 2 5 5 3 4 8 9 5 3 7 7 1 4 7 
8 6 2 6 5 2 6 5 2 9 4 6 3 6 7 1 4 2 8 2 3 1 1 7 1 
7 2 8 2 2 9 8 9 8 4 2 9 7 3 8 3 4 7 4 6 4 6 6 1 4 
7 4 8 3 7 2 8 5 7 2 7 7 1 6 5 4 7 6 3 5 6 9 5 9 8 

Step 4:
9 4 8 7 2 9 3 5 8 6 6 3 8 8 7 4 6 6 7 6 8 6 3 8 2 
8 1 7 9 2 4 6 7 3 6 7 5 8 5 2 3 3 6 8 7 2 9 4 2 4 
2 6 3 6 9 9 6 1 4 7 8 5 9 2 4 5 3 2 6 3 9 9 4 3 1 
6 4 7 9 5 8 6 9 4   1 4 7 7 2 7 5 1 3 3 4 1 3 5 1 
2 4 8 5 4   5 6 4   5 2 7 2 4 6 4 2 9 8 6 1 5 3 1 
3 5 6 2 2 6 2 2 9 2 5 1 9 1 6 1 4 6 9 4 1 5 2 1 4 
2 7 9 4 7 9 7 8 8   4 2 5 7 3 8 5 6 3 4 9 3 4 4 6 
9 1 7 2 3 9 3 9 9 7 6 5 8 8 2 1 5 4 7 5 3 5 3 4 8 
6 4 5 4 9 9 6 4 9 6 9 2 8 3 8 6 4 9 3 3 4 1 5 8 1 
1 7 4 8 4 7 5 7 7 8 4 5 8 7 3 9 1 7 1 7 2 7 2 8 4 
9 6 7 9 3 * 4 1 2 4 4 9 8 9 7 1 3 6 7 6 5 4 3 1 2 
7 5 1 6 7 8 6 4 1 1 2 2 1 2 7 3 3 5 9 6 8 9 8 8 6 
1 3 4 8 3 4 3 6 9 5 9 9 3 9 3 4 6 7 6 4 2 4 3 4 2 
8 2 2 6 7 8 2 2 8 7 3 3 1 9 5 5 4 1 4 8 8 8 3 2 3 
4 8 6 4 3 7 1 1 4 5 1 1 5 9 6 8 5 3 7 1 2 5 2 5 5 
2 1 9 2 5 9 5 7 8 5 2 7 1 2 3 5 2 7 5 4 5 3 8 1 6 
4 7 5 9 8 4 8 1 7 4 4 2 2 7 5 6 2 7 8 3 2 1 8 5 4 
9 4 9 5 7 2 9 4 9 2 4 6 4 9 1 7 8 9 8 1 6 4 1 1 3 
8 3 5 9 1 9 5 3 9 3 9 2 9 9 3 4 5 7 7 2 6 5 2 3 4 
2 6 9 6 8 2 5 4 7 6 1 4 2 2 2 6 4 5 1 7 6 6 2 5 1 
4 4 9 7 9 4 9 5 2 9 4 9 2 2 9 3 2 5 6 6 9 1 3 4 7 
1 2 8 6 3 2 6 8 6 9 8 2 5 5 3 4 8 9 5 3 7 7 1 4 7 
8 6 2 6 5 2 6 5 2 9 4 6 3 6 7 1 4 2 8 2 3 1 1 7 1 
7 2 8 2 2 9 8 9 8 4 2 9 7 3 8 3 4 7 4 6 4 6 6 1 4 
7 4 8 3 7 2 8 5 7 2 7 7 1 6 5 4 7 6 3 5 6 9 5 9 8 

Step 5:
9 4 8 7 2 9 3 5 8 6 6 3 8 8 7 4 6 6 7 6 8 6 3 8 2 
8 1 7 9 2 4 6 7 3 6 7 5 8 5 2 3 3 6 8 7 2 9 4 2 4 
2 6 3 6 9 9 6 1 4 7 8 5 9 2 4 5 3 2 6 3 9 9 4 3 1 
6 4 7 9 5 * 6 9 4   1 4 7 7 2 7 5 1 3 3 4 1 3 5 1 
2 4 8 5 4   5 6 4   5 2 7 2 4 6 4 2 9 8 6 1 5 3 1 
3 5 6 2 2 6 2 2 9 2 5 1 9 1 6 1 4 6 9 4 1 5 2 1 4 
2 7 9 4 7 9 7 8 8   4 2 5 7 3 8 5 6 3 4 9 3 4 4 6 
9 1 7 2 3 9 3 9 9 7 6 5 8 8 2 1 5 4 7 5 3 5 3 4 8 
6 4 5 4 9 9 6 4 9 6 9 2 8 3 8 6 4 9 3 3 4 1 5 8 1 
1 7 4 8 4 7 5 7 7 8 4 5 8 7 3 9 1 7 1 7 2 7 2 8 4 
9 6 7 9 3   4 1 2 4 4 9 8 9 7 1 3 6 7 6 5 4 3 1 2 
7 5 1 6 7 8 6 4 1 1 2 2 1 2 7 3 3 5 9 6 8 9 8 8 6 
1 3 4 8 3 4 3 6 9 5 9 9 3 9 3 4 6 7 6 4 2 4 3 4 2 
8 2 2 6 7 8 2 2 8 7 3 3 1 9 5 5 4 1 4 8 8 8 3 2 3 
4 8 6 4 3 7 1 1 4 5 1 1 5 9 6 8 5 3 7 1 2 5 2 5 5 
2 1 9 2 5 9 5 7 8 5 2 7 1 2 3 5 2 7 5 4 5 3 8 1 6 
4 7 5 9 8 4 8 1 7 4 4 2 2 7 5 6 2 7 8 3 2 1 8 5 4 
9 4 9 5 7 2 9 4 9 2 4 6 4 9 1 7 8 9 8 1 6 4 1 1 3 
8 3 5 9 1 9 5 3 9 3 9 2 9 9 3 4 5 7 7 2 6 5 2 3 4 
2 6 9 6 8 2 5 4 7 6 1 4 2 2 2 6 4 5 1 7 6 6 2 5 1 
4 4 9 7 9 4 9 5 2 9 4 9 2 2 9 3 2 5 6 6 9 1 3 4 7 
1 2 8 6 3 2 6 8 6 9 8 2 5 5 3 4 8 9 5 3 7 7 1 4 7 
8 6 2 6 5 2 6 5 2 9 4 6 3 6 7 1 4 2 8 2 3 1 1 7 1 
7 2 8 2 2 9 8 9 8 4 2 9 7 3 8 3 4 7 4 6 4 6 6 1 4 
7 4 8 3 7 2 8 5 7 2 7 7 1 6 5 4 7 6 3 5 6 9 5 9 8 

Step 6:
9 4 8 7 2 9 3 5 8 6 6 3 8 8 7 4 6 6 7 6 8 6 3 8 2 
8 1 7 9 2 4 6 7 3 6 7 5 8 5 2 3 3 6 8 7 2 9 4 2 4 
2 6 3 6 9 9 6 1 4 7 8 5 9 2 4 5 3 2 6 3 9 9 4 3 1 
* 4 7 9 5   6 9 4   1 4 7 7 2 7 5 1 3 3 4 1 3 5 1 
2 4 8 5 4   5 6 4   5 2 7 2 4 6 4 2 9 8 6 1 5 3 1 
3 5 6 2 2 6 2 2 9 2 5 1 9 1 6 1 4 6 9 4 1 5 2 1 4 
2 7 9 4 7 9 7 8 8   4 2 5 7 3 8 5 6 3 4 9 3 4 4 6 
9 1 7 2 3 9 3 9 9 7 6 5 8 8 2 1 5 4 7 5 3 5 3 4 8 
6 4 5 4 9 9 6 4 9 6 9 2 8 3 8 6 4 9 3 3 4 1 5 8 1 
1 7 4 8 4 7 5 7 7 8 4 5 8 7 3 9 1 7 1 7 2 7 2 8 4 
9 6 7 9 3   4 1 2 4 4 9 8 9 7 1 3 6 7 6 5 4 3 1 2 
7 5 1 6 7 8 6 4 1 1 2 2 1 2 7 3 3 5 9 6 8 9 8 8 6 
1 3 4 8 3 4 3 6 9 5 9 9 3 9 3 4 6 7 6 4 2 4 3 4 2 
8 2 2 6 7 8 2 2 8 7 3 3 1 9 5 5 4 1 4 8 8 8 3 2 3 
4 8 6 4 3 7 1 1 4 5 1 1 5 9 6 8 5 3 7 1 2 5 2 5 5 
2 1 9 2 5 9 5 7 8 5 2 7 1 2 3 5 2 7 5 4 5 3 8 1 6 
4 7 5 9 8 4 8 1 7 4 4 2 2 7 5 6 2 7 8 3 2 1 8 5 4 
9 4 9 5 7 2 9 4 9 2 4 6 4 9 1 7 8 9 8 1 6 4 1 1 3 
8 3 5 9 1 9 5 3 9 3 9 2 9 9 3 4 5 7 7 2 6 5 2 3 4 
2 6 9 6 8 2 5 4 7 6 1 4 2 2 2 6 4 5 1 7 6 6 2 5 1 
4 4 9 7 9 4 9 5 2 9 4 9 2 2 9 3 2 5 6 6 9 1 3 4 7 
1 2 8 6 3 2 6 8 6 9 8 2 5 5 3 4 8 9 5 3 7 7 1 4 7 
8 6 2 6 5 2 6 5 2 9 4 6 3 6 7 1 4 2 8 2 3 1 1 7 1 
7 2 8 2 2 9 8 9 8 4 2 9 7 3 8 3 4 7 4 6 4 6 6 1 4 
7 4 8 3 7 2 8 5 7 2 7 7 1 6 5 4 7 6 3 5 6 9 5 9 8 

Step 7:
9 4 8 7 2 9 3 5 8 6 6 3 8 8 7 4 6 6 7 6 8 6 3 8 2 
* 1 7 9 2 4 6 7 3 6 7 5 8 5 2 3 3 6 8 7 2 9 4 2 4 
2 6 3 6 9 9 6 1 4 7 8 5 9 2 4 5 3 2 6 3 9 9 4 3 1 
  4 7 9 5   6 9 4   1 4 7 7 2 7 5 1 3 3 4 1 3 5 1 
2 4 8 5 4   5 6 4   5 2 7 2 4 6 4 2 9 8 6 1 5 3 1 
3 5 6 2 2 6 2 2 9 2 5 1 9 1 6 1 4 6 9 4 1 5 2 1 4 
2 7 9 4 7 9 7 8 8   4 2 5 7 3 8 5 6 3 4 9 3 4 4 6 
9 1 7 2 3 9 3 9 9 7 6 5 8 8 2 1 5 4 7 5 3 5 3 4 8 
6 4 5 4 9 9 6 4 9 6 9 2 8 3 8 6 4 9 3 3 4 1 5 8 1 
1 7 4 8 4 7 5 7 7 8 4 5 8 7 3 9 1 7 1 7 2 7 2 8 4 
9 6 7 9 3   4 1 2 4 4 9 8 9 7 1 3 6 7 6 5 4 3 1 2 
7 5 1 6 7 8 6 4 1 1 2 2 1 2 7 3 3 5 9 6 8 9 8 8 6 
1 3 4 8 3 4 3 6 9 5 9 9 3 9 3 4 6 7 6 4 2 4 3 4 2 
8 2 2 6 7 8 2 2 8 7 3 3 1 9 5 5 4 1 4 8 8 8 3 2 3 
4 8 6 4 3 7 1 1 4 5 1 1 5 9 6 8 5 3 7 1 2 5 2 5 5 
2 1 9 2 5 9 5 7 8 5 2 7 1 2 3 5 2 7 5 4 5 3 8 1 6 
4 7 5 9 8 4 8 1 7 4 4 2 2 7 5 6 2 7 8 3 2 1 8 5 4 
9 4 9 5 7 2 9 4 9 2 4 6 4 9 1 7 8 9 8 1 6 4 1 1 3 
8 3 5 9 1 9 5 3 9 3 9 2 9 9 3 4 5 7 7 2 6 5 2 3 4 
2 6 9 6 8 2 5 4 7 6 1 4 2 2 2 6 4 5 1 7 6 6 2 5 1 
4 4 9 7 9 4 9 5 2 9 4 9 2 2 9 3 2 5 6 6 9 1 3 4 7 
1 2 8 6 3 2 6 8 6 9 8 2 5 5 3 4 8 9 5 3 7 7 1 4 7 
8 6 2 6 5 2 6 5 2 9 4 6 3 6 7 1 4 2 8 2 3 1 1 7 1 
7 2 8 2 2 9 8 9 8 4 2 9 7 3 8 3 4 7 4 6 4 6 6 1 4 
7 4 8 3 7 2 8 5 7 2 7 7 1 6 5 4 7 6 3 5 6 9 5 9 8 

Step 8:
9 4 8 7 2 9 3 5 8 6 6 3 8 8 7 4 6 6 7 6 8 6 3 8 2 
  * 7 9 2 4 6 7 3 6 7 5 8 5 2 3 3 6 8 7 2 9 4 2 4 
2 6 3 6 9 9 6 1 4 7 8 5 9 2 4 5 3 2 6 3 9 9 4 3 1 
  4 7 9 5   6 9 4   1 4 7 7 2 7 5 1 3 3 4 1 3 5 1 
2 4 8 5 4   5 6 4   5 2 7 2 4 6 4 2 9 8 6 1 5 3 1 
3 5 6 2 2 6 2 2 9 2 5 1 9 1 6 1 4 6 9 4 1 5 2 1 4 
2 7 9 4 7 9 7 8 8   4 2 5 7 3 8 5 6 3 4 9 3 4 4 6 
9 1 7 2 3 9 3 9 9 7 6 5 8 8 2 1 5 4 7 5 3 5 3 4 8 
6 4 5 4 9 9 6 4 9 6 9 2 8 3 8 6 4 9 3 3 4 1 5 8 1 
1 7 4 8 4 7 5 7 7 8 4 5 8 7 3 9 1 7 1 7 2 7 2 8 4 
9 6 7 9 3   4 1 2 4 4 9 8 9 7 1 3 6 7 6 5 4 3 1 2 
7 5 1 6 7 8 6 4 1 1 2 2 1 2 7 3 3 5 9 6 8 9 8 8 6 
1 3 4 8 3 4 3 6 9 5 9 9 3 9 3 4 6 7 6 4 2 4 3 4 2 
8 2 2 6 7 8 2 2 8 7 3 3 1 9 5 5 4 1 4 8 8 8 3 2 3 
4 8 6 4 3 7 1 1 4 5 1 1 5 9 6 8 5 3 7 1 2 5 2 5 5 
2 1 9 2 5 9 5 7 8 5 2 7 1 2 3 5 2 7 5 4 5 3 8 1 6 
4 7 5 9 8 4 8 1 7 4 4 2 2 7 5 6 2 7 8 3 2 1 8 5 4 
9 4 9 5 7 2 9 4 9 2 4 6 4 9 1 7 8 9 8 1 6 4 1 1 3 
8 3 5 9 1 9 5 3 9 3 9 2 9 9 3 4 5 7 7 2 6 5 2 3 4 
2 6 9 6 8 2 5 4 7 6 1 4 2 2 2 6 4 5 1 7 6 6 2 5 1 
4 4 9 7 9 4 9 5 2 9 4 9 2 2 9 3 2 5 6 6 9 1 3 4 7 
1 2 8 6 3 2 6 8 6 9 8 2 5 5 3 4 8 9 5 3 7 7 1 4 7 
8 6 2 6 5 2 6 5 2 9 4 6 3 6 7 1 4 2 8 2 3 1 1 7 1 
7 2 8 2 2 9 8 9 8 4 2 9 7 3 8 3 4 7 4 6 4 6 6 1 4 
7 4 8 3 7 2 8 5 7 2 7 7 1 6 5 4 7 6 3 5 6 9 5 9 8 

Step 9:
9 4 8 7 2 9 3 5 8 6 6 3 8 8 7 4 6 6 7 6 8 6 3 8 2 
    7 9 2 4 6 7 3 6 7 5 8 5 2 3 3 6 8 7 2 9 4 2 4 
2 6 3 6 9 9 6 1 4 7 8 5 9 2 4 5 3 2 6 3 9 9 4 3 1 
  4 7 9 5   6 9 4   1 4 7 7 2 7 5 1 3 3 4 1 3 5 1 
2 4 8 5 4   5 6 4   5 2 7 2 4 6 4 2 9 8 6 1 5 3 1 
3 5 6 2 2 6 2 2 9 2 5 1 9 1 6 1 4 6 9 4 1 5 2 1 4 
2 7 9 4 7 9 7 8 8   4 2 5 7 3 8 5 6 3 4 9 3 4 4 6 
9 * 7 2 3 9 3 9 9 7 6 5 8 8 2 1 5 4 7 5 3 5 3 4 8 
6 4 5 4 9 9 6 4 9 6 9 2 8 3 8 6 4 9 3 3 4 1 5 8 1 
1 7 4 8 4 7 5 7 7 8 4 5 8 7 3 9 1 7 1 7 2 7 2 8 4 
9 6 7 9 3   4 1 2 4 4 9 8 9 7 1 3 6 7 6 5 4 3 1 2 
7 5 1 6 7 8 6 4 1 1 2 2 1 2 7 3 3 5 9 6 8 9 8 8 6 
1 3 4 8 3 4 3 6 9 5 9 9 3 9 3 4 6 7 6 4 2 4 3 4 2 
8 2 2 6 7 8 2 2 8 7 3 3 1 9 5 5 4 1 4 8 8 8 3 2 3 
4 8 6 4 3 7 1 1 4 5 1 1 5 9 6 8 5 3 7 1 2 5 2 5 5 
2 1 9 2 5 9 5 7 8 5 2 7 1 2 3 5 2 7 5 4 5 3 8 1 6 
4 7 5 9 8 4 8 1 7 4 4 2 2 7 5 6 2 7 8 3 2 1 8 5 4 
9 4 9 5 7 2 9 4 9 2 4 6 4 9 1 7 8 9 8 1 6 4 1 1 3 
8 3 5 9 1 9 5 3 9 3 9 2 9 9 3 4 5 7 7 2 6 5 2 3 4 
2 6 9 6 8 2 5 4 7 6 1 4 2 2 2 6 4 5 1 7 6 6 2 5 1 
4 4 9 7 9 4 9 5 2 9 4 9 2 2 9 3 2 5 6 6 9 1 3 4 7 
1 2 8 6 3 2 6 8 6 9 8 2 5 5 3 4 8 9 5 3 7 7 1 4 7 
8 6 2 6 5 2 6 5 2 9 4 6 3 6 7 1 4 2 8 2 3 1 1 7 1 
7 2 8 2 2 9 8 9 8 4 2 9 7 3 8 3 4 7 4 6 4 6 6 1 4 
7 4 8 3 7 2 8 5 7 2 7 7 1 6 5 4 7 6 3 5 6 9 5 9 8 

Step 10:
9 * 8 7 2 9 3 5 8 6 6 3 8 8 7 4 6 6 7 6 8 6 3 8 2 
    7 9 2 4 6 7 3 6 7 5 8 5 2 3 3 6 8 7 2 9 4 2 4 
2 6 3 6 9 9 6 1 4 7 8 5 9 2 4 5 3 2 6 3 9 9 4 3 1 
  4 7 9 5   6 9 4   1 4 7 7 2 7 5 1 3 3 4 1 3 5 1 
2 4 8 5 4   5 6 4   5 2 7 2 4 6 4 2 9 8 6 1 5 3 1 
3 5 6 2 2 6 2 2 9 2 5 1 9 1 6 1 4 6 9 4 1 5 2 1 4 
2 7 9 4 7 9 7 8 8   4 2 5 7 3 8 5 6 3 4 9 3 4 4 6 
9   7 2 3 9 3 9 9 7 6 5 8 8 2 1 5 4 7 5 3 5 3 4 8 
6 4 5 4 9 9 6 4 9 6 9 2 8 3 8 6 4 9 3 3 4 1 5 8 1 
1 7 4 8 4 7 5 7 7 8 4 5 8 7 3 9 1 7 1 7 2 7 2 8 4 
9 6 7 9 3   4 1 2 4 4 9 8 9 7 1 3 6 7 6 5 4 3 1 2 
7 5 1 6 7 8 6 4 1 1 2 2 1 2 7 3 3 5 9 6 8 9 8 8 6 
1 3 4 8 3 4 3 6 9 5 9 9 3 9 3 4 6 7 6 4 2 4 3 4 2 
8 2 2 6 7 8 2 2 8 7 3 3 1 9 5 5 4 1 4 8 8 8 3 2 3 
4 8 6 4 3 7 1 1 4 5 1 1 5 9 6 8 5 3 7 1 2 5 2 5 5 
2 1 9 2 5 9 5 7 8 5 2 7 1 2 3 5 2 7 5 4 5 3 8 1 6 
4 7 5 9 8 4 8 1 7 4 4 2 2 7 5 6 2 7 8 3 2 1 8 5 4 
9 4 9 5 7 2 9 4 9 2 4 6 4 9 1 7 8 9 8 1 6 4 1 1 3 
8 3 5 9 1 9 5 3 9 3 9 2 9 9 3 4 5 7 7 2 6 5 2 3 4 
2 6 9 6 8 2 5 4 7 6 1 4 2 2 2 6 4 5 1 7 6 6 2 5 1 
4 4 9 7 9 4 9 5 2 9 4 9 2 2 9 3 2 5 6 6 9 1 3 4 7 
1 2 8 6 3 2 6 8 6 9 8 2 5 5 3 4 8 9 5 3 7 7 1 4 7 
8 6 2 6 5 2 6 5 2 9 4 6 3 6 7 1 4 2 8 2 3 1 1 7 1 
7 2 8 2 2 9 8 9 8 4 2 9 7 3 8 3 4 7 4 6 4 6 6 1 4 
7 4 8 3 7 2 8 5 7 2 7 7 1 6 5 4 7 6 3 5 6 9 5 9 8 

Step 11:
9   8 7 2 9 3 5 8 * 6 3 8 8 7 4 6 6 7 6 8 6 3 8 2 
    7 9 2 4 6 7 3 6 7 5 8 5 2 3 3 6 8 7 2 9 4 2 4 
2 6 3 6 9 9 6 1 4 7 8 5 9 2 4 5 3 2 6 3 9 9 4 3 1 
  4 7 9 5   6 9 4   1 4 7 7 2 7 5 1 3 3 4 1 3 5 1 
2 4 8 5 4   5 6 4   5 2 7 2 4 6 4 2 9 8 6 1 5 3 1 
3 5 6 2 2 6 2 2 9 2 5 1 9 1 6 1 4 6 9 4 1 5 2 1 4 
2 7 9 4 7 9 7 8 8   4 2 5 7 3 8 5 6 3 4 9 3 4 4 6 
9   7 2 3 9 3 9 9 7 6 5 8 8 2 1 5 4 7 5 3 5 3 4 8 
6 4 5 4 9 9 6 4 9 6 9 2 8 3 8 6 4 9 3 3 4 1 5 8 1 
1 7 4 8 4 7 5 7 7 8 4 5 8 7 3 9 1 7 1 7 2 7 2 8 4 
9 6 7 9 3   4 1 2 4 4 9 8 9 7 1 3 6 7 6 5 4 3 1 2 
7 5 1 6 7 8 6 4 1 1 2 2 1 2 7 3 3 5 9 6 8 9 8 8 6 
1 3 4 8 3 4 3 6 9 5 9 9 3 9 3 4 6 7 6 4 2 4 3 4 2 
8 2 2 6 7 8 2 2 8 7 3 3 1 9 5 5 4 1 4 8 8 8 3 2 3 
4 8 6 4 3 7 1 1 4 5 1 1 5 9 6 8 5 3 7 1 2 5 2 5 5 
2 1 9 2 5 9 5 7 8 5 2 7 1 2 3 5 2 7 5 4 5 3 8 1 6 
4 7 5 9 8 4 8 1 7 4 4 2 2 7 5 6 2 7 8 3 2 1 8 5 4 
9 4 9 5 7 2 9 4 9 2 4 6 4 9 1 7 8 9 8 1 6 4 1 1 3 
8 3 5 9 1 9 5 3 9 3 9 2 9 9 3 4 5 7 7 2 6 5 2 3 4 
2 6 9 6 8 2 5 4 7 6 1 4 2 2 2 6 4 5 1 7 6 6 2 5 1 
4 4 9 7 9 4 9 5 2 9 4 9 2 2 9 3 2 5 6 6 9 1 3 4 7 
1 2 8 6 3 2 6 8 6 9 8 2 5 5 3 4 8 9 5 3 7 7 1 4 7 
8 6 2 6 5 2 6 5 2 9 4 6 3 6 7 1 4 2 8 2 3 1 1 7 1 
7 2 8 2 2 9 8 9 8 4 2 9 7 3 8 3 4 7 4 6 4 6 6 1 4 
7 4 8 3 7 2 8 5 7 2 7 7 1 6 5 4 7 6 3 5 6 9 5 9 8 

Step 12:
9   8 7 2 9 3 5 8   6 3 8 8 7 * 6 6 7 6 8 6 3 8 2 
    7 9 2 4 6 7 3 6 7 5 8 5 2 3 3 6 8 7 2 9 4 2 4 
2 6 3 6 9 9 6 1 4 7 8 5 9 2 4 5 3 2 6 3 9 9 4 3 1 
  4 7 9 5   6 9 4   1 4 7 7 2 7 5 1 3 3 4 1 3 5 1 
2 4 8 5 4   5 6 4   5 2 7 2 4 6 4 2 9 8 6 1 5 3 1 
3 5 6 2 2 6 2 2 9 2 5 1 9 1 6 1 4 6 9 4 1 5 2 1 4 
2 7 9 4 7 9 7 8 8   4 2 5 7 3 8 5 6 3 4 9 3 4 4 6 
9   7 2 3 9 3 9 9 7 6 5 8 8 2 1 5 4 7 5 3 5 3 4 8 
6 4 5 4 9 9 6 4 9 6 9 2 8 3 8 6 4 9 3 3 4 1 5 8 1 
1 7 4 8 4 7 5 7 7 8 4 5 8 7 3 9 1 7 1 7 2 7 2 8 4 
9 6 7 9 3   4 1 2 4 4 9 8 9 7 1 3 6 7 6 5 4 3 1 2 
7 5 1 6 7 8 6 4 1 1 2 2 1 2 7 3 3 5 9 6 8 9 8 8 6 
1 3 4 8 3 4 3 6 9 5 9 9 3 9 3 4 6 7 6 4 2 4 3 4 2 
8 2 2 6 7 8 2 2 8 7 3 3 1 9 5 5 4 1 4 8 8 8 3 2 3 
4 8 6 4 3 7 1 1 4 5 1 1 5 9 6 8 5 3 7 1 2 5 2 5 5 
2 1 9 2 5 9 5 7 8 5 2 7 1 2 3 5 2 7 5 4 5 3 8 1 6 
4 7 5 9 8 4 8 1 7 4 4 2 2 7 5 6 2 7 8 3 2 1 8 5 4 
9 4 9 5 7 2 9 4 9 2 4 6 4 9 1 7 8 9 8 1 6 4 1 1 3 
8 3 5 9 1 9 5 3 9 3 9 2 9 9 3 4 5 7 7 2 6 5 2 3 4 
2 6 9 6 8 2 5 4 7 6 1 4 2 2 2 6 4 5 1 7 6 6 2 5 1 
4 4 9 7 9 4 9 5 2 9 4 9 2 2 9 3 2 5 6 6 9 1 3 4 7 
1 2 8 6 3 2 6 8 6 9 8 2 5 5 3 4 8 9 5 3 7 7 1 4 7 
8 6 2 6 5 2 6 5 2 9 4 6 3 6 7 1 4 2 8 2 3 1 1 7 1 
7 2 8 2 2 9 8 9 8 4 2 9 7 3 8 3 4 7 4 6 4 6 6 1 4 
7 4 8 3 7 2 8 5 7 2 7 7 1 6 5 4 7 6 3 5 6 9 5 9 8 

Step 13:
9   8 7 2 9 3 5 8   6 3 8 8 7   6 6 7 6 8 6 3 8 2 
    7 9 2 4 6 7 3 6 7 5 8 5 2 3 3 6 8 7 2 9 4 2 4 
2 6 3 6 9 9 6 1 4 7 8 5 9 2 4 5 3 2 6 3 9 9 4 3 1 
  4 7 9 5   6 9 4   1 4 7 7 2 * 5 1 3 3 4 1 3 5 1 
2 4 8 5 4   5 6 4   5 2 7 2 4 6 4 2 9 8 6 1 5 3 1 
3 5 6 2 2 6 2 2 9 2 5 1 9 1 6 1 4 6 9 4 1 5 2 1 4 
2 7 9 4 7 9 7 8 8   4 2 5 7 3 8 5 6 3 4 9 3 4 4 6 
9   7 2 3 9 3 9 9 7 6 5 8 8 2 1 5 4 7 5 3 5 3 4 8 
6 4 5 4 9 9 6 4 9 6 9 2 8 3 8 6 4 9 3 3 4 1 5 8 1 
1 7 4 8 4 7 5 7 7 8 4 5 8 7 3 9 1 7 1 7 2 7 2 8 4 
9 6 7 9 3   4 1 2 4 4 9 8 9 7 1 3 6 7 6 5 4 3 1 2 
7 5 1 6 7 8 6 4 1 1 2 2 1 2 7 3 3 5 9 6 8 9 8 8 6 
1 3 4 8 3 4 3 6 9 5 9 9 3 9 3 4 6 7 6 4 2 4 3 4 2 
8 2 2 6 7 8 2 2 8 7 3 3 1 9 5 5 4 1 4 8 8 8 3 2 3 
4 8 6 4 3 7 1 1 4 5 1 1 5 9 6 8 5 3 7 1 2 5 2 5 5 
2 1 9 2 5 9 5 7 8 5 2 7 1 2 3 5 2 7 5 4 5 3 8 1 6 
4 7 5 9 8 4 8 1 7 4 4 2 2 7 5 6 2 7 8 3 2 1 8 5 4 
9 4 9 5 7 2 9 4 9 2 4 6 4 9 1 7 8 9 8 1 6 4 1 1 3 
8 3 5 9 1 9 5 3 9 3 9 2 9 9 3 4 5 7 7 2 6 5 2 3 4 
2 6 9 6 8 2 5 4 7 6 1 4 2 2 2 6 4 5 1 7 6 6 2 5 1 
4 4 9 7 9 4 9 5 2 9 4 9 2 2 9 3 2 5 6 6 9 1 3 4 7 
1 2 8 6 3 2 6 8 6 9 8 2 5 5 3 4 8 9 5 3 7 7 1 4 7 
8 6 2 6 5 2 6 5 2 9 4 6 3 6 7 1 4 2 8 2 3 1 1 7 1 
7 2 8 2 2 9 8 9 8 4 2 9 7 3 8 3 4 7 4 6 4 6 6 1 4 
7 4 8 3 7 2 8 5 7 2 7 7 1 6 5 4 7 6 3 5 6 9 5 9 8 

Step 14:
9   8 7 2 9 3 5 8   6 3 8 8 7   6 6 7 6 8 6 3 8 2 
    7 9 2 4 6 7 3 6 7 5 8 5 2 3 3 6 8 7 2 9 4 2 4 
2 6 3 6 9 9 6 1 4 7 8 5 9 2 4 5 3 2 6 3 9 9 4 3 1 
  4 7 9 5   6 9 4   1 4 7 7 2   5 1 3 3 4 1 3 5 1 
2 4 8 5 4   5 6 4   5 2 7 2 4 6 4 2 9 8 6 1 5 3 1 
3 5 6 2 2 6 2 2 9 2 5 1 9 1 6 1 4 6 9 4 1 5 2 1 4 
2 7 9 4 7 9 7 8 8   4 2 5 7 3 8 5 6 3 4 9 3 4 4 6 
9   7 2 3 9 3 9 9 7 6 5 8 8 2 1 5 4 7 5 3 5 3 4 8 
6 4 5 4 9 9 6 4 9 6 9 2 8 3 8 6 4 9 3 3 4 1 5 8 1 
1 7 4 8 4 7 5 7 7 8 4 5 8 7 3 * 1 7 1 7 2 7 2 8 4 
9 6 7 9 3   4 1 2 4 4 9 8 9 7 1 3 6 7 6 5 4 3 1 2 
7 5 1 6 7 8 6 4 1 1 2 2 1 2 7 3 3 5 9 6 8 9 8 8 6 
1 3 4 8 3 4 3 6 9 5 9 9 3 9 3 4 6 7 6 4 2 4 3 4 2 
8 2 2 6 7 8 2 2 8 7 3 3 1 9 5 5 4 1 4 8 8 8 3 2 3 
4 8 6 4 3 7 1 1 4 5 1 1 5 9 6 8 5 3 7 1 2 5 2 5 5 
2 1 9 2 5 9 5 7 8 5 2 7 1 2 3 5 2 7 5 4 5 3 8 1 6 
4 7 5 9 8 4 8 1 7 4 4 2 2 7 5 6 2 7 8 3 2 1 8 5 4 
9 4 9 5 7 2 9 4 9 2 4 6 4 9 1 7 8 9 8 1 6 4 1 1 3 
8 3 5 9 1 9 5 3 9 3 9 2 9 9 3 4 5 7 7 2 6 5 2 3 4 
2 6 9 6 8 2 5 4 7 6 1 4 2 2 2 6 4 5 1 7 6 6 2 5 1 
4 4 9 7 9 4 9 5 2 9 4 9 2 2 9 3 2 5 6 6 9 1 3 4 7 
1 2 8 6 3 2 6 8 6 9 8 2 5 5 3 4 8 9 5 3 7 7 1 4 7 
8 6 2 6 5 2 6 5 2 9 4 6 3 6 7 1 4 2 8 2 3 1 1 7 1 
7 2 8 2 2 9 8 9 8 4 2 9 7 3 8 3 4 7 4 6 4 6 6 1 4 
7 4 8 3 7 2 8 5 7 2 7 7 1 6 5 4 7 6 3 5 6 9 5 9 8 

Step 15:
9   8 7 2 9 3 5 8   6 3 8 8 7   6 6 7 6 8 6 3 8 2 
    7 9 2 4 6 7 3 6 7 5 8 5 2 3 3 6 8 7 2 9 4 2 4 
2 6 3 6 9 9 6 1 4 7 8 5 9 2 4 5 3 2 6 3 9 9 4 3 1 
  4 7 9 5   6 9 4   1 4 7 7 2   5 1 3 3 4 1 3 5 1 
2 4 8 5 4   5 6 4   5 2 7 2 4 6 4 2 9 8 6 1 5 3 1 
3 5 6 2 2 6 2 2 9 2 5 1 9 1 6 1 4 6 9 4 1 5 2 1 4 
2 7 9 4 7 9 7 8 8   4 2 5 7 3 8 5 6 3 4 9 3 4 4 6 
9   7 2 3 9 3 9 9 7 6 5 8 8 2 1 5 4 7 5 3 5 3 4 8 
6 4 5 4 9 9 6 4 9 6 9 2 8 3 8 6 4 9 3 3 4 1 5 8 1 
1 7 4 8 4 7 5 7 7 8 4 5 8 7 3   1 7 1 7 2 7 2 8 4 
9 6 7 9 3   4 1 2 4 4 9 8 9 7 * 3 6 7 6 5 4 3 1 2 
7 5 1 6 7 8 6 4 1 1 2 2 1 2 7 3 3 5 9 6 8 9 8 8 6 
1 3 4 8 3 4 3 6 9 5 9 9 3 9 3 4 6 7 6 4 2 4 3 4 2 
8 2 2 6 7 8 2 2 8 7 3 3 1 9 5 5 4 1 4 8 8 8 3 2 3 
4 8 6 4 3 7 1 1 4 5 1 1 5 9 6 8 5 3 7 1 2 5 2 5 5 
2 1 9 2 5 9 5 7 8 5 2 7 1 2 3 5 2 7 5 4 5 3 8 1 6 
4 7 5 9 8 4 8 1 7 4 4 2 2 7 5 6 2 7 8 3 2 1 8 5 4 
9 4 9 5 7 2 9 4 9 2 4 6 4 9 1 7 8 9 8 1 6 4 1 1 3 
8 3 5 9 1 9 5 3 9 3 9 2 9 9 3 4 5 7 7 2 6 5 2 3 4 
2 6 9 6 8 2 5 4 7 6 1 4 2 2 2 6 4 5 1 7 6 6 2 5 1 
4 4 9 7 9 4 9 5 2 9 4 9 2 2 9 3 2 5 6 6 9 1 3 4 7 
1 2 8 6 3 2 6 8 6 9 8 2 5 5 3 4 8 9 5 3 7 7 1 4 7 
8 6 2 6 5 2 6 5 2 9 4 6 3 6 7 1 4 2 8 2 3 1 1 7 1 
7 2 8 2 2 9 8 9 8 4 2 9 7 3 8 3 4 7 4 6 4 6 6 1 4 
7 4 8 3 7 2 8 5 7 2 7 7 1 6 5 4 7 6 3 5 6 9 5 9 8 

Step 16:
9   8 7 2 9 3 5 8   6 3 8 8 7   6 6 7 6 8 6 3 8 2 
    7 9 2 4 6 7 3 6 7 5 8 5 2 3 3 6 8 7 2 9 4 2 4 
2 6 3 6 9 9 6 1 4 7 8 5 9 2 4 5 3 2 6 3 9 9 4 3 1 
  4 7 9 5   6 9 4   1 4 7 7 2   5 1 3 3 4 1 3 5 1 
2 4 8 5 4   5 6 4   5 2 7 2 4 6 4 2 9 8 6 1 5 3 1 
3 5 6 2 2 6 2 2 9 2 5 1 9 1 6 1 4 6 9 4 1 5 2 1 4 
2 7 9 4 7 9 7 8 8   4 2 5 7 3 8 5 6 3 4 9 3 4 4 6 
9   7 2 3 9 3 9 9 7 6 5 8 8 2 1 5 4 7 5 3 5 3 4 8 
6 4 5 4 9 9 6 4 9 6 9 2 8 3 8 6 4 9 3 3 4 1 5 8 1 
1 7 4 8 4 7 5 7 7 8 4 5 8 7 3   1 7 1 7 2 7 2 8 4 
9 6 7 9 3   4 1 2 4 4 9 8 9 7   3 6 7 6 5 4 3 1 2 
7 5 1 6 7 8 6 4 1 1 2 2 1 2 7 3 3 5 9 6 8 9 8 8 6 
1 3 4 8 3 4 3 6 9 5 9 9 3 9 3 4 6 7 6 4 2 4 3 4 2 
8 2 2 6 7 8 2 2 8 7 3 3 1 9 5 * 4 1 4 8 8 8 3 2 3 
4 8 6 4 3 7 1 1 4 5 1 1 5 9 6 8 5 3 7 1 2 5 2 5 5 
2 1 9 2 5 9 5 7 8 5 2 7 1 2 3 5 2 7 5 4 5 3 8 1 6 
4 7 5 9 8 4 8 1 7 4 4 2 2 7 5 6 2 7 8 3 2 1 8 5 4 
9 4 9 5 7 2 9 4 9 2 4 6 4 9 1 7 8 9 8 1 6 4 1 1 3 
8 3 5 9 1 9 5 3 9 3 9 2 9 9 3 4 5 7 7 2 6 5 2 3 4 
2 6 9 6 8 2 5 4 7 6 1 4 2 2 2 6 4 5 1 7 6 6 2 5 1 
4 4 9 7 9 4 9 5 2 9 4 9 2 2 9 3 2 5 6 6 9 1 3 4 7 
1 2 8 6 3 2 6 8 6 9 8 2 5 5 3 4 8 9 5 3 7 7 1 4 7 
8 6 2 6 5 2 6 5 2 9 4 6 3 6 7 1 4 2 8 2 3 1 1 7 1 
7 2 8 2 2 9 8 9 8 4 2 9 7 3 8 3 4 7 4 6 4 6 6 1 4 
7 4 8 3 7 2 8 5 7 2 7 7 1 6 5 4 7 6 3 5 6 9 5 9 8 

Step 17:
9   8 7 2 9 3 5 8   6 3 8 8 7   6 6 7 6 8 6 3 8 2 
    7 9 2 4 6 7 3 6 7 5 8 5 2 3 3 6 8 7 2 9 4 2 4 
2 6 3 6 9 9 6 1 4 7 8 5 9 2 4 5 3 2 6 3 9 9 4 3 1 
  4 7 9 5   6 9 4   1 4 7 7 2   5 1 3 3 4 1 3 5 1 
2 4 8 5 4   5 6 4   5 2 7 2 4 6 4 2 9 8 6 1 5 3 1 
3 5 6 2 2 6 2 2 9 2 5 1 9 1 6 1 4 6 9 4 1 5 2 1 4 
2 7 9 4 7 9 7 8 8   4 2 5 7 3 8 5 6 3 4 9 3 4 4 6 
9   7 2 3 9 3 9 9 7 6 5 8 8 2 1 5 4 7 5 3 5 3 4 8 
6 4 5 4 9 9 6 4 9 6 9 2 8 3 8 6 4 9 3 3 4 1 5 8 1 
1 7 4 8 4 7 5 7 7 8 4 5 8 7 3   1 7 1 7 2 7 2 8 4 
9 6 7 9 3   4 1 2 4 4 9 8 9 7   3 6 7 6 5 4 3 1 2 
7 5 1 6 7 8 6 4 1 1 2 2 1 2 7 3 3 5 9 6 8 9 8 8 6 
1 3 4 8 3 4 3 6 9 5 9 9 3 9 3 4 6 7 6 4 2 4 3 4 2 
8 2 2 6 7 8 2 2 8 7 3 3 1 9 5   4 1 4 8 8 8 3 2 3 
4 8 6 4 3 7 1 1 4 5 1 1 5 9 6 8 5 3 7 1 2 5 2 5 5 
2 1 9 2 5 9 5 7 8 5 2 7 1 2 3 5 2 7 5 4 5 3 8 1 6 
4 7 5 9 8 4 8 1 7 4 4 2 2 7 5 6 2 7 8 3 2 1 8 5 4 
9 4 9 5 7 2 9 4 9 2 4 6 4 9 1 7 8 9 8 1 6 4 1 1 3 
8 3 5 9 1 9 5 3 9 3 9 2 9 9 3 4 5 7 7 2 6 5 2 3 4 
2 6 9 6 8 2 5 4 7 6 1 4 2 2 2 6 4 5 1 7 6 6 2 5 1 
4 4 9 7 9 4 9 5 2 9 4 9 2 2 9 3 2 5 6 6 9 1 3 4 7 
1 2 8 6 3 2 6 8 6 9 8 2 5 5 3 * 8 9 5 3 7 7 1 4 7 
8 6 2 6 5 2 6 5 2 9 4 6 3 6 7 1 4 2 8 2 3 1 1 7 1 
7 2 8 2 2 9 8 9 8 4 2 9 7 3 8 3 4 7 4 6 4 6 6 1 4 
7 4 8 3 7 2 8 5 7 2 7 7 1 6 5 4 7 6 3 5 6 9 5 9 8 

Step 18:
9   8 7 2 9 3 5 8   6 3 8 8 7   6 6 7 6 8 6 3 8 2 
    7 9 2 4 6 7 3 6 7 5 8 5 2 3 3 6 8 7 2 9 4 2 4 
2 6 3 6 9 9 6 1 4 7 8 5 9 2 4 5 3 2 6 3 9 9 4 3 1 
  4 7 9 5   6 9 4   1 4 7 7 2   5 1 3 3 4 1 3 5 1 
2 4 8 5 4   5 6 4   5 2 7 2 4 6 4 2 9 8 6 1 5 3 1 
3 5 6 2 2 6 2 2 9 2 5 1 9 1 6 1 4 6 9 4 1 5 2 1 4 
2 7 9 4 7 9 7 8 8   4 2 5 7 3 8 5 6 3 4 9 3 4 4 6 
9   7 2 3 9 3 9 9 7 6 5 8 8 2 1 5 4 7 5 3 5 3 4 8 
6 4 5 4 9 9 6 4 9 6 9 2 8 3 8 6 4 9 3 3 4 1 5 8 1 
1 7 4 8 4 7 5 7 7 8 4 5 8 7 3   1 7 1 7 2 7 2 8 4 
9 6 7 9 3   4 1 2 4 4 9 8 9 7   3 6 7 6 5 4 3 1 2 
7 5 1 6 7 8 6 4 1 1 2 2 1 2 7 3 3 5 9 6 8 9 8 8 6 
1 3 4 8 3 4 3 6 9 5 9 9 3 9 3 4 6 7 6 4 2 4 3 4 2 
8 2 2 6 7 8 2 2 8 7 3 3 1 9 5   4 1 4 8 8 8 3 2 3 
4 8 6 4 3 7 1 1 4 5 1 1 5 9 6 8 5 3 7 1 2 5 2 5 5 
2 1 9 2 5 9 5 7 8 5 2 7 1 2 3 5 2 7 5 4 5 3 8 1 6 
4 7 5 9 8 4 8 1 7 4 4 2 2 7 5 6 2 7 8 3 2 1 8 5 4 
9 4 9 5 7 2 9 4 9 2 4 6 4 9 1 7 8 9 8 1 6 4 1 1 3 
8 3 5 9 1 9 5 3 9 3 9 2 9 9 3 * 5 7 7 2 6 5 2 3 4 
2 6 9 6 8 2 5 4 7 6 1 4 2 2 2 6 4 5 1 7 6 6 2 5 1 
4 4 9 7 9 4 9 5 2 9 4 9 2 2 9 3 2 5 6 6 9 1 3 4 7 
1 2 8 6 3 2 6 8 6 9 8 2 5 5 3   8 9 5 3 7 7 1 4 7 
8 6 2 6 5 2 6 5 2 9 4 6 3 6 7 1 4 2 8 2 3 1 1 7 1 
7 2 8 2 2 9 8 9 8 4 2 9 7 3 8 3 4 7 4 6 4 6 6 1 4 
7 4 8 3 7 2 8 5 7 2 7 7 1 6 5 4 7 6 3 5 6 9 5 9 8 

Step 19:
9   8 7 2 9 3 5 8   6 3 8 8 7   6 6 7 6 8 6 3 8 2 
    7 9 2 4 6 7 3 6 7 5 8 5 2 3 3 6 8 7 2 9 4 2 4 
2 6 3 6 9 9 6 1 4 7 8 5 9 2 4 5 3 2 6 3 9 9 4 3 1 
  4 7 9 5   6 9 4   1 4 7 7 2   5 1 3 3 4 1 3 5 1 
2 4 8 5 4   5 6 4   5 2 7 2 4 6 4 2 9 8 6 1 5 3 1 
3 5 6 2 2 6 2 2 9 2 5 1 9 1 6 1 4 6 9 4 1 5 2 1 4 
2 7 9 4 7 9 7 8 8   4 2 5 7 3 8 5 6 3 4 9 3 4 4 6 
9   7 2 3 9 3 9 9 7 6 5 8 8 2 1 5 4 7 5 3 5 3 4 8 
6 4 5 4 9 9 6 4 9 6 9 2 8 3 8 6 4 9 3 3 4 1 5 8 1 
1 7 4 8 4 7 5 7 7 8 4 5 8 7 3   1 7 1 7 2 7 2 8 4 
9 6 7 9 3   4 1 2 4 4 9 8 9 7   3 6 7 6 5 4 3 1 2 
7 5 1 6 7 8 6 4 1 1 2 2 1 2 7 * 3 5 9 6 8 9 8 8 6 
1 3 4 8 3 4 3 6 9 5 9 9 3 9 3 4 6 7 6 4 2 4 3 4 2 
8 2 2 6 7 8 2 2 8 7 3 3 1 9 5   4 1 4 8 8 8 3 2 3 
4 8 6 4 3 7 1 1 4 5 1 1 5 9 6 8 5 3 7 1 2 5 2 5 5 
2 1 9 2 5 9 5 7 8 5 2 7 1 2 3 5 2 7 5 4 5 3 8 1 6 
4 7 5 9 8 4 8 1 7 4 4 2 2 7 5 6 2 7 8 3 2 1 8 5 4 
9 4 9 5 7 2 9 4 9 2 4 6 4 9 1 7 8 9 8 1 6 4 1 1 3 
8 3 5 9 1 9 5 3 9 3 9 2 9 9 3   5 7 7 2 6 5 2 3 4 
2 6 9 6 8 2 5 4 7 6 1 4 2 2 2 6 4 5 1 7 6 6 2 5 1 
4 4 9 7 9 4 9 5 2 9 4 9 2 2 9 3 2 5 6 6 9 1 3 4 7 
1 2 8 6 3 2 6 8 6 9 8 2 5 5 3   8 9 5 3 7 7 1 4 7 
8 6 2 6 5 2 6 5 2 9 4 6 3 6 7 1 4 2 8 2 3 1 1 7 1 
7 2 8 2 2 9 8 9 8 4 2 9 7 3 8 3 4 7 4 6 4 6 6 1 4 
7 4 8 3 7 2 8 5 7 2 7 7 1 6 5 4 7 6 3 5 6 9 5 9 8 

Step 20:
9   8 7 2 9 3 5 8   6 3 8 8 7   6 6 7 6 8 6 3 8 2 
    7 9 2 4 6 7 3 6 7 5 8 5 2 3 3 6 8 7 2 9 4 2 4 
2 6 3 6 9 9 6 1 4 7 8 5 9 2 4 5 3 2 6 3 9 9 4 3 1 
  4 7 9 5   6 9 4   1 4 7 7 2   5 1 3 3 4 1 3 5 1 
2 4 8 5 4   5 6 4   5 2 7 2 4 6 4 2 9 8 6 1 5 3 1 
3 5 6 2 2 6 2 2 9 2 5 1 9 1 6 1 4 6 9 4 1 5 2 1 4 
2 7 9 4 7 9 7 8 8   4 2 5 7 3 8 5 6 3 4 9 3 4 4 6 
9   7 2 3 9 3 9 9 7 6 5 8 8 2 1 5 4 7 5 3 5 3 4 8 
6 4 5 4 9 9 6 4 9 6 9 2 8 3 8 6 4 9 3 3 4 1 5 8 1 
1 7 4 8 4 7 5 7 7 8 4 5 8 7 3   1 7 1 7 2 7 2 8 4 
9 6 7 9 3   4 1 2 4 4 9 8 9 7   3 6 7 6 5 4 3 1 2 
7 5 1 6 7 8 6 4 1 1 2 2 1 2 7   3 5 9 6 8 9 8 8 6 
1 3 4 8 3 4 3 6 9 5 9 9 3 9 3 4 6 7 6 4 2 4 3 4 2 
8 2 2 6 7 8 2 2 8 7 3 3 1 9 5   4 1 4 8 8 8 3 2 3 
4 8 6 4 3 7 1 1 4 5 1 1 5 9 6 8 5 3 7 1 2 5 2 5 5 
2 1 9 2 5 9 5 7 8 5 2 7 1 2 3 * 2 7 5 4 5 3 8 1 6 
4 7 5 9 8 4 8 1 7 4 4 2 2 7 5 6 2 7 8 3 2 1 8 5 4 
9 4 9 5 7 2 9 4 9 2 4 6 4 9 1 7 8 9 8 1 6 4 1 1 3 
8 3 5 9 1 9 5 3 9 3 9 2 9 9 3   5 7 7 2 6 5 2 3 4 
2 6 9 6 8 2 5 4 7 6 1 4 2 2 2 6 4 5 1 7 6 6 2 5 1 
4 4 9 7 9 4 9 5 2 9 4 9 2 2 9 3 2 5 6 6 9 1 3 4 7 
1 2 8 6 3 2 6 8 6 9 8 2 5 5 3   8 9 5 3 7 7 1 4 7 
8 6 2 6 5 2 6 5 2 9 4 6 3 6 7 1 4 2 8 2 3 1 1 7 1 
7 2 8 2 2 9 8 9 8 4 2 9 7 3 8 3 4 7 4 6 4 6 6 1 4 
7 4 8 3 7 2 8 5 7 2 7 7 1 6 5 4 7 6 3 5 6 9 5 9 8 

Step 21:
9   8 7 2 9 3 5 8   6 3 8 8 7   6 6 7 6 8 6 3 8 2 
    7 9 2 4 6 7 3 6 7 5 8 5 2 3 3 6 8 7 2 9 4 2 4 
2 6 3 6 9 9 6 1 4 7 8 5 9 2 4 5 3 2 6 3 9 9 4 3 1 
  4 7 9 5   6 9 4   1 4 7 7 2   5 1 3 3 4 1 3 5 1 
2 4 8 5 4   5 6 4   5 2 7 2 4 6 4 2 9 8 6 1 5 3 1 
3 5 6 2 2 6 2 2 9 2 5 1 9 1 6 1 4 6 9 4 1 5 2 1 4 
2 7 9 4 7 9 7 8 8   4 2 5 7 3 8 5 6 3 4 9 3 4 4 6 
9   7 2 3 9 3 9 9 7 6 5 8 8 2 * 5 4 7 5 3 5 3 4 8 
6 4 5 4 9 9 6 4 9 6 9 2 8 3 8 6 4 9 3 3 4 1 5 8 1 
1 7 4 8 4 7 5 7 7 8 4 5 8 7 3   1 7 1 7 2 7 2 8 4 
9 6 7 9 3   4 1 2 4 4 9 8 9 7   3 6 7 6 5 4 3 1 2 
7 5 1 6 7 8 6 4 1 1 2 2 1 2 7   3 5 9 6 8 9 8 8 6 
1 3 4 8 3 4 3 6 9 5 9 9 3 9 3 4 6 7 6 4 2 4 3 4 2 
8 2 2 6 7 8 2 2 8 7 3 3 1 9 5   4 1 4 8 8 8 3 2 3 
4 8 6 4 3 7 1 1 4 5 1 1 5 9 6 8 5 3 7 1 2 5 2 5 5 
2 1 9 2 5 9 5 7 8 5 2 7 1 2 3   2 7 5 4 5 3 8 1 6 
4 7 5 9 8 4 8 1 7 4 4 2 2 7 5 6 2 7 8 3 2 1 8 5 4 
9 4 9 5 7 2 9 4 9 2 4 6 4 9 1 7 8 9 8 1 6 4 1 1 3 
8 3 5 9 1 9 5 3 9 3 9 2 9 9 3   5 7 7 2 6 5 2 3 4 
2 6 9 6 8 2 5 4 7 6 1 4 2 2 2 6 4 5 1 7 6 6 2 5 1 
4 4 9 7 9 4 9 5 2 9 4 9 2 2 9 3 2 5 6 6 9 1 3 4 7 
1 2 8 6 3 2 6 8 6 9 8 2 5 5 3   8 9 5 3 7 7 1 4 7 
8 6 2 6 5 2 6 5 2 9 4 6 3 6 7 1 4 2 8 2 3 1 1 7 1 
7 2 8 2 2 9 8 9 8 4 2 9 7 3 8 3 4 7 4 6 4 6 6 1 4 
7 4 8 3 7 2 8 5 7 2 7 7 1 6 5 4 7 6 3 5 6 9 5 9 8 

Step 22:
9   8 7 2 9 3 5 8   6 3 8 8 7   6 6 7 6 8 6 3 8 2 
    7 9 2 4 6 7 3 6 7 5 8 5 2 3 3 6 8 7 2 9 4 2 4 
2 6 3 6 9 9 6 1 4 7 8 5 9 2 4 5 3 2 6 3 9 9 4 3 1 
  4 7 9 5   6 9 4   1 4 7 7 2   5 1 3 3 4 1 3 5 1 
2 4 8 5 4   5 6 4   5 2 7 2 4 6 4 2 9 8 6 1 5 3 1 
3 5 6 2 2 6 2 2 9 2 5 1 9 1 6 1 4 6 9 4 1 5 2 1 4 
2 7 9 4 7 9 7 8 8   4 2 5 7 3 8 5 6 3 4 9 3 4 4 6 
9   7 2 3 9 3 9 9 7 6 5 8 * 2   5 4 7 5 3 5 3 4 8 
6 4 5 4 9 9 6 4 9 6 9 2 8 3 8 6 4 9 3 3 4 1 5 8 1 
1 7 4 8 4 7 5 7 7 8 4 5 8 7 3   1 7 1 7 2 7 2 8 4 
9 6 7 9 3   4 1 2 4 4 9 8 9 7   3 6 7 6 5 4 3 1 2 
7 5 1 6 7 8 6 4 1 1 2 2 1 2 7   3 5 9 6 8 9 8 8 6 
1 3 4 8 3 4 3 6 9 5 9 9 3 9 3 4 6 7 6 4 2 4 3 4 2 
8 2 2 6 7 8 2 2 8 7 3 3 1 9 5   4 1 4 8 8 8 3 2 3 
4 8 6 4 3 7 1 1 4 5 1 1 5 9 6 8 5 3 7 1 2 5 2 5 5 
2 1 9 2 5 9 5 7 8 5 2 7 1 2 3   2 7 5 4 5 3 8 1 6 
4 7 5 9 8 4 8 1 7 4 4 2 2 7 5 6 2 7 8 3 2 1 8 5 4 
9 4 9 5 7 2 9 4 9 2 4 6 4 9 1 7 8 9 8 1 6 4 1 1 3 
8 3 5 9 1 9 5 3 9 3 9 2 9 9 3   5 7 7 2 6 5 2 3 4 
2 6 9 6 8 2 5 4 7 6 1 4 2 2 2 6 4 5 1 7 6 6 2 5 1 
4 4 9 7 9 4 9 5 2 9 4 9 2 2 9 3 2 5 6 6 9 1 3 4 7 
1 2 8 6 3 2 6 8 6 9 8 2 5 5 3   8 9 5 3 7 7 1 4 7 
8 6 2 6 5 2 6 5 2 9 4 6 3 6 7 1 4 2 8 2 3 1 1 7 1 
7 2 8 2 2 9 8 9 8 4 2 9 7 3 8 3 4 7 4 6 4 6 6 1 4 
7 4 8 3 7 2 8 5 7 2 7 7 1 6 5 4 7 6 3 5 6 9 5 9 8 

Step 23:
9   8 7 2 9 3 5 8   6 3 8 * 7   6 6 7 6 8 6 3 8 2 
    7 9 2 4 6 7 3 6 7 5 8 5 2 3 3 6 8 7 2 9 4 2 4 
2 6 3 6 9 9 6 1 4 7 8 5 9 2 4 5 3 2 6 3 9 9 4 3 1 
  4 7 9 5   6 9 4   1 4 7 7 2   5 1 3 3 4 1 3 5 1 
2 4 8 5 4   5 6 4   5 2 7 2 4 6 4 2 9 8 6 1 5 3 1 
3 5 6 2 2 6 2 2 9 2 5 1 9 1 6 1 4 6 9 4 1 5 2 1 4 
2 7 9 4 7 9 7 8 8   4 2 5 7 3 8 5 6 3 4 9 3 4 4 6 
9   7 2 3 9 3 9 9 7 6 5 8   2   5 4 7 5 3 5 3 4 8 
6 4 5 4 9 9 6 4 9 6 9 2 8 3 8 6 4 9 3 3 4 1 5 8 1 
1 7 4 8 4 7 5 7 7 8 4 5 8 7 3   1 7 1 7 2 7 2 8 4 
9 6 7 9 3   4 1 2 4 4 9 8 9 7   3 6 7 6 5 4 3 1 2 
7 5 1 6 7 8 6 4 1 1 2 2 1 2 7   3 5 9 6 8 9 8 8 6 
1 3 4 8 3 4 3 6 9 5 9 9 3 9 3 4 6 7 6 4 2 4 3 4 2 
8 2 2 6 7 8 2 2 8 7 3 3 1 9 5   4 1 4 8 8 8 3 2 3 
4 8 6 4 3 7 1 1 4 5 1 1 5 9 6 8 5 3 7 1 2 5 2 5 5 
2 1 9 2 5 9 5 7 8 5 2 7 1 2 3   2 7 5 4 5 3 8 1 6 
4 7 5 9 8 4 8 1 7 4 4 2 2 7 5 6 2 7 8 3 2 1 8 5 4 
9 4 9 5 7 2 9 4 9 2 4 6 4 9 1 7 8 9 8 1 6 4 1 1 3 
8 3 5 9 1 9 5 3 9 3 9 2 9 9 3   5 7 7 2 6 5 2 3 4 
2 6 9 6 8 2 5 4 7 6 1 4 2 2 2 6 4 5 1 7 6 6 2 5 1 
4 4 9 7 9 4 9 5 2 9 4 9 2 2 9 3 2 5 6 6 9 1 3 4 7 
1 2 8 6 3 2 6 8 6 9 8 2 5 5 3   8 9 5 3 7 7 1 4 7 
8 6 2 6 5 2 6 5 2 9 4 6 3 6 7 1 4 2 8 2 3 1 1 7 1 
7 2 8 2 2 9 8 9 8 4 2 9 7 3 8 3 4 7 4 6 4 6 6 1 4 
7 4 8 3 7 2 8 5 7 2 7 7 1 6 5 4 7 6 3 5 6 9 5 9 8 

Step 24:
9   8 7 2 9 3 5 8   6 3 8   7   6 6 7 6 8 6 3 8 2 
    7 9 2 4 6 7 3 6 7 5 8 5 2 3 3 6 8 7 2 9 4 2 4 
2 6 3 6 9 9 6 1 4 7 8 5 9 2 4 5 3 2 6 3 9 9 4 3 1 
  4 7 9 5   6 9 4   1 4 7 7 2   5 1 3 3 4 1 3 5 1 
2 4 8 5 4   5 6 4   5 2 7 2 4 6 4 2 9 8 6 1 5 3 1 
3 5 6 2 2 6 2 2 9 2 5 1 9 * 6 1 4 6 9 4 1 5 2 1 4 
2 7 9 4 7 9 7 8 8   4 2 5 7 3 8 5 6 3 4 9 3 4 4 6 
9   7 2 3 9 3 9 9 7 6 5 8   2   5 4 7 5 3 5 3 4 8 
6 4 5 4 9 9 6 4 9 6 9 2 8 3 8 6 4 9 3 3 4 1 5 8 1 
1 7 4 8 4 7 5 7 7 8 4 5 8 7 3   1 7 1 7 2 7 2 8 4 
9 6 7 9 3   4 1 2 4 4 9 8 9 7   3 6 7 6 5 4 3 1 2 
7 5 1 6 7 8 6 4 1 1 2 2 1 2 7   3 5 9 6 8 9 8 8 6 
1 3 4 8 3 4 3 6 9 5 9 9 3 9 3 4 6 7 6 4 2 4 3 4 2 
8 2 2 6 7 8 2 2 8 7 3 3 1 9 5   4 1 4 8 8 8 3 2 3 
4 8 6 4 3 7 1 1 4 5 1 1 5 9 6 8 5 3 7 1 2 5 2 5 5 
2 1 9 2 5 9 5 7 8 5 2 7 1 2 3   2 7 5 4 5 3 8 1 6 
4 7 5 9 8 4 8 1 7 4 4 2 2 7 5 6 2 7 8 3 2 1 8 5 4 
9 4 9 5 7 2 9 4 9 2 4 6 4 9 1 7 8 9 8 1 6 4 1 1 3 
8 3 5 9 1 9 5 3 9 3 9 2 9 9 3   5 7 7 2 6 5 2 3 4 
2 6 9 6 8 2 5 4 7 6 1 4 2 2 2 6 4 5 1 7 6 6 2 5 1 
4 4 9 7 9 4 9 5 2 9 4 9 2 2 9 3 2 5 6 6 9 1 3 4 7 
1 2 8 6 3 2 6 8 6 9 8 2 5 5 3   8 9 5 3 7 7 1 4 7 
8 6 2 6 5 2 6 5 2 9 4 6 3 6 7 1 4 2 8 2 3 1 1 7 1 
7 2 8 2 2 9 8 9 8 4 2 9 7 3 8 3 4 7 4 6 4 6 6 1 4 
7 4 8 3 7 2 8 5 7 2 7 7 1 6 5 4 7 6 3 5 6 9 5 9 8 

Step 25:
9   8 7 2 9 3 5 8   6 3 8   7   6 6 7 6 8 6 3 8 2 
    7 9 2 4 6 7 3 6 7 5 8 5 2 3 3 6 8 7 2 9 4 2 4 
2 6 3 6 9 9 6 1 4 7 8 5 9 2 4 5 3 2 6 3 9 9 4 3 1 
  4 7 9 5   6 9 4   1 4 7 * 2   5 1 3 3 4 1 3 5 1 
2 4 8 5 4   5 6 4   5 2 7 2 4 6 4 2 9 8 6 1 5 3 1 
3 5 6 2 2 6 2 2 9 2 5 1 9   6 1 4 6 9 4 1 5 2 1 4 
2 7 9 4 7 9 7 8 8   4 2 5 7 3 8 5 6 3 4 9 3 4 4 6 
9   7 2 3 9 3 9 9 7 6 5 8   2   5 4 7 5 3 5 3 4 8 
6 4 5 4 9 9 6 4 9 6 9 2 8 3 8 6 4 9 3 3 4 1 5 8 1 
1 7 4 8 4 7 5 7 7 8 4 5 8 7 3   1 7 1 7 2 7 2 8 4 
9 6 7 9 3   4 1 2 4 4 9 8 9 7   3 6 7 6 5 4 3 1 2 
7 5 1 6 7 8 6 4 1 1 2 2 1 2 7   3 5 9 6 8 9 8 8 6 
1 3 4 8 3 4 3 6 9 5 9 9 3 9 3 4 6 7 6 4 2 4 3 4 2 
8 2 2 6 7 8 2 2 8 7 3 3 1 9 5   4 1 4 8 8 8 3 2 3 
4 8 6 4 3 7 1 1 4 5 1 1 5 9 6 8 5 3 7 1 2 5 2 5 5 
2 1 9 2 5 9 5 7 8 5 2 7 1 2 3   2 7 5 4 5 3 8 1 6 
4 7 5 9 8 4 8 1 7 4 4 2 2 7 5 6 2 7 8 3 2 1 8 5 4 
9 4 9 5 7 2 9 4 9 2 4 6 4 9 1 7 8 9 8 1 6 4 1 1 3 
8 3 5 9 1 9 5 3 9 3 9 2 9 9 3   5 7 7 2 6 5 2 3 4 
2 6 9 6 8 2 5 4 7 6 1 4 2 2 2 6 4 5 1 7 6 6 2 5 1 
4 4 9 7 9 4 9 5 2 9 4 9 2 2 9 3 2 5 6 6 9 1 3 4 7 
1 2 8 6 3 2 6 8 6 9 8 2 5 5 3   8 9 5 3 7 7 1 4 7 
8 6 2 6 5 2 6 5 2 9 4 6 3 6 7 1 4 2 8 2 3 1 1 7 1 
7 2 8 2 2 9 8 9 8 4 2 9 7 3 8 3 4 7 4 6 4 6 6 1 4 
7 4 8 3 7 2 8 5 7 2 7 7 1 6 5 4 7 6 3 5 6 9 5 9 8 

Step 26:
9   8 7 2 9 3 5 8   6 3 8   7   6 6 7 6 8 6 3 8 2 
    7 9 2 4 6 7 3 6 7 5 8 * 2 3 3 6 8 7 2 9 4 2 4 
2 6 3 6 9 9 6 1 4 7 8 5 9 2 4 5 3 2 6 3 9 9 4 3 1 
  4 7 9 5   6 9 4   1 4 7   2   5 1 3 3 4 1 3 5 1 
2 4 8 5 4   5 6 4   5 2 7 2 4 6 4 2 9 8 6 1 5 3 1 
3 5 6 2 2 6 2 2 9 2 5 1 9   6 1 4 6 9 4 1 5 2 1 4 
2 7 9 4 7 9 7 8 8   4 2 5 7 3 8 5 6 3 4 9 3 4 4 6 
9   7 2 3 9 3 9 9 7 6 5 8   2   5 4 7 5 3 5 3 4 8 
6 4 5 4 9 9 6 4 9 6 9 2 8 3 8 6 4 9 3 3 4 1 5 8 1 
1 7 4 8 4 7 5 7 7 8 4 5 8 7 3   1 7 1 7 2 7 2 8 4 
9 6 7 9 3   4 1 2 4 4 9 8 9 7   3 6 7 6 5 4 3 1 2 
7 5 1 6 7 8 6 4 1 1 2 2 1 2 7   3 5 9 6 8 9 8 8 6 
1 3 4 8 3 4 3 6 9 5 9 9 3 9 3 4 6 7 6 4 2 4 3 4 2 
8 2 2 6 7 8 2 2 8 7 3 3 1 9 5   4 1 4 8 8 8 3 2 3 
4 8 6 4 3 7 1 1 4 5 1 1 5 9 6 8 5 3 7 1 2 5 2 5 5 
2 1 9 2 5 9 5 7 8 5 2 7 1 2 3   2 7 5 4 5 3 8 1 6 
4 7 5 9 8 4 8 1 7 4 4 2 2 7 5 6 2 7 8 3 2 1 8 5 4 
9 4 9 5 7 2 9 4 9 2 4 6 4 9 1 7 8 9 8 1 6 4 1 1 3 
8 3 5 9 1 9 5 3 9 3 9 2 9 9 3   5 7 7 2 6 5 2 3 4 
2 6 9 6 8 2 5 4 7 6 1 4 2 2 2 6 4 5 1 7 6 6 2 5 1 
4 4 9 7 9 4 9 5 2 9 4 9 2 2 9 3 2 5 6 6 9 1 3 4 7 
1 2 8 6 3 2 6 8 6 9 8 2 5 5 3   8 9 5 3 7 7 1 4 7 
8 6 2 6 5 2 6 5 2 9 4 6 3 6 7 1 4 2 8 2 3 1 1 7 1 
7 2 8 2 2 9 8 9 8 4 2 9 7 3 8 3 4 7 4 6 4 6 6 1 4 
7 4 8 3 7 2 8 5 7 2 7 7 1 6 5 4 7 6 3 5 6 9 5 9 8 

Step 27:
9   8 7 2 9 3 5 8   6 3 8   7   6 6 7 6 8 6 3 8 2 
    7 9 2 * 6 7 3 6 7 5 8   2 3 3 6 8 7 2 9 4 2 4 
2 6 3 6 9 9 6 1 4 7 8 5 9 2 4 5 3 2 6 3 9 9 4 3 1 
  4 7 9 5   6 9 4   1 4 7   2   5 1 3 3 4 1 3 5 1 
2 4 8 5 4   5 6 4   5 2 7 2 4 6 4 2 9 8 6 1 5 3 1 
3 5 6 2 2 6 2 2 9 2 5 1 9   6 1 4 6 9 4 1 5 2 1 4 
2 7 9 4 7 9 7 8 8   4 2 5 7 3 8 5 6 3 4 9 3 4 4 6 
9   7 2 3 9 3 9 9 7 6 5 8   2   5 4 7 5 3 5 3 4 8 
6 4 5 4 9 9 6 4 9 6 9 2 8 3 8 6 4 9 3 3 4 1 5 8 1 
1 7 4 8 4 7 5 7 7 8 4 5 8 7 3   1 7 1 7 2 7 2 8 4 
9 6 7 9 3   4 1 2 4 4 9 8 9 7   3 6 7 6 5 4 3 1 2 
7 5 1 6 7 8 6 4 1 1 2 2 1 2 7   3 5 9 6 8 9 8 8 6 
1 3 4 8 3 4 3 6 9 5 9 9 3 9 3 4 6 7 6 4 2 4 3 4 2 
8 2 2 6 7 8 2 2 8 7 3 3 1 9 5   4 1 4 8 8 8 3 2 3 
4 8 6 4 3 7 1 1 4 5 1 1 5 9 6 8 5 3 7 1 2 5 2 5 5 
2 1 9 2 5 9 5 7 8 5 2 7 1 2 3   2 7 5 4 5 3 8 1 6 
4 7 5 9 8 4 8 1 7 4 4 2 2 7 5 6 2 7 8 3 2 1 8 5 4 
9 4 9 5 7 2 9 4 9 2 4 6 4 9 1 7 8 9 8 1 6 4 1 1 3 
8 3 5 9 1 9 5 3 9 3 9 2 9 9 3   5 7 7 2 6 5 2 3 4 
2 6 9 6 8 2 5 4 7 6 1 4 2 2 2 6 4 5 1 7 6 6 2 5 1 
4 4 9 7 9 4 9 5 2 9 4 9 2 2 9 3 2 5 6 6 9 1 3 4 7 
1 2 8 6 3 2 6 8 6 9 8 2 5 5 3   8 9 5 3 7 7 1 4 7 
8 6 2 6 5 2 6 5 2 9 4 6 3 6 7 1 4 2 8 2 3 1 1 7 1 
7 2 8 2 2 9 8 9 8 4 2 9 7 3 8 3 4 7 4 6 4 6 6 1 4 
7 4 8 3 7 2 8 5 7 2 7 7 1 6 5 4 7 6 3 5 6 9 5 9 8 

Step 28:
9   8 7 2 9 3 5 8   6 3 8   7   6 6 7 6 8 6 3 8 2 
    7 * 2   6 7 3 6 7 5 8   2 3 3 6 8 7 2 9 4 2 4 
2 6 3 6 9 9 6 1 4 7 8 5 9 2 4 5 3 2 6 3 9 9 4 3 1 
  4 7 9 5   6 9 4   1 4 7   2   5 1 3 3 4 1 3 5 1 
2 4 8 5 4   5 6 4   5 2 7 2 4 6 4 2 9 8 6 1 5 3 1 
3 5 6 2 2 6 2 2 9 2 5 1 9   6 1 4 6 9 4 1 5 2 1 4 
2 7 9 4 7 9 7 8 8   4 2 5 7 3 8 5 6 3 4 9 3 4 4 6 
9   7 2 3 9 3 9 9 7 6 5 8   2   5 4 7 5 3 5 3 4 8 
6 4 5 4 9 9 6 4 9 6 9 2 8 3 8 6 4 9 3 3 4 1 5 8 1 
1 7 4 8 4 7 5 7 7 8 4 5 8 7 3   1 7 1 7 2 7 2 8 4 
9 6 7 9 3   4 1 2 4 4 9 8 9 7   3 6 7 6 5 4 3 1 2 
7 5 1 6 7 8 6 4 1 1 2 2 1 2 7   3 5 9 6 8 9 8 8 6 
1 3 4 8 3 4 3 6 9 5 9 9 3 9 3 4 6 7 6 4 2 4 3 4 2 
8 2 2 6 7 8 2 2 8 7 3 3 1 9 5   4 1 4 8 8 8 3 2 3 
4 8 6 4 3 7 1 1 4 5 1 1 5 9 6 8 5 3 7 1 2 5 2 5 5 
2 1 9 2 5 9 5 7 8 5 2 7 1 2 3   2 7 5 4 5 3 8 1 6 
4 7 5 9 8 4 8 1 7 4 4 2 2 7 5 6 2 7 8 3 2 1 8 5 4 
9 4 9 5 7 2 9 4 9 2 4 6 4 9 1 7 8 9 8 1 6 4 1 1 3 
8 3 5 9 1 9 5 3 9 3 9 2 9 9 3   5 7 7 2 6 5 2 3 4 
2 6 9 6 8 2 5 4 7 6 1 4 2 2 2 6 4 5 1 7 6 6 2 5 1 
4 4 9 7 9 4 9 5 2 9 4 9 2 2 9 3 2 5 6 6 9 1 3 4 7 
1 2 8 6 3 2 6 8 6 9 8 2 5 5 3   8 9 5 3 7 7 1 4 7 
8 6 2 6 5 2 6 5 2 9 4 6 3 6 7 1 4 2 8 2 3 1 1 7 1 
7 2 8 2 2 9 8 9 8 4 2 9 7 3 8 3 4 7 4 6 4 6 6 1 4 
7 4 8 3 7 2 8 5 7 2 7 7 1 6 5 4 7 6 3 5 6 9 5 9 8 

Step 29:
9   8 7 2 9 3 5 8   6 3 8   7   6 6 7 6 8 6 3 8 2 
    7   2   6 7 3 6 7 5 8   2 3 3 6 8 7 2 9 4 2 4 
2 6 3 6 9 9 6 1 4 7 8 5 9 2 4 5 3 2 6 3 9 9 4 3 1 
  4 7 9 5   6 9 4   1 4 7   2   5 1 3 3 4 1 3 5 1 
2 4 8 5 4   5 6 4   5 2 7 2 4 6 4 2 9 8 6 1 5 3 1 
3 5 6 2 2 6 2 2 9 2 5 1 9   6 1 4 6 9 4 1 5 2 1 4 
2 7 9 4 7 9 7 8 8   4 2 5 7 3 8 5 6 3 4 9 3 4 4 6 
9   7 * 3 9 3 9 9 7 6 5 8   2   5 4 7 5 3 5 3 4 8 
6 4 5 4 9 9 6 4 9 6 9 2 8 3 8 6 4 9 3 3 4 1 5 8 1 
1 7 4 8 4 7 5 7 7 8 4 5 8 7 3   1 7 1 7 2 7 2 8 4 
9 6 7 9 3   4 1 2 4 4 9 8 9 7   3 6 7 6 5 4 3 1 2 
7 5 1 6 7 8 6 4 1 1 2 2 1 2 7   3 5 9 6 8 9 8 8 6 
1 3 4 8 3 4 3 6 9 5 9 9 3 9 3 4 6 7 6 4 2 4 3 4 2 
8 2 2 6 7 8 2 2 8 7 3 3 1 9 5   4 1 4 8 8 8 3 2 3 
4 8 6 4 3 7 1 1 4 5 1 1 5 9 6 8 5 3 7 1 2 5 2 5 5 
2 1 9 2 5 9 5 7 8 5 2 7 1 2 3   2 7 5 4 5 3 8 1 6 
4 7 5 9 8 4 8 1 7 4 4 2 2 7 5 6 2 7 8 3 2 1 8 5 4 
9 4 9 5 7 2 9 4 9 2 4 6 4 9 1 7 8 9 8 1 6 4 1 1 3 
8 3 5 9 1 9 5 3 9 3 9 2 9 9 3   5 7 7 2 6 5 2 3 4 
2 6 9 6 8 2 5 4 7 6 1 4 2 2 2 6 4 5 1 7 6 6 2 5 1 
4 4 9 7 9 4 9 5 2 9 4 9 2 2 9 3 2 5 6 6 9 1 3 4 7 
1 2 8 6 3 2 6 8 6 9 8 2 5 5 3   8 9 5 3 7 7 1 4 7 
8 6 2 6 5 2 6 5 2 9 4 6 3 6 7 1 4 2 8 2 3 1 1 7 1 
7 2 8 2 2 9 8 9 8 4 2 9 7 3 8 3 4 7 4 6 4 6 6 1 4 
7 4 8 3 7 2 8 5 7 2 7 7 1 6 5 4 7 6 3 5 6 9 5 9 8 

Step 30:
9   8 7 2 9 3 5 8   6 3 8   7   6 6 7 6 8 6 3 8 2 
    7   2   6 7 3 6 7 5 8   2 3 3 6 8 7 2 9 4 2 4 
2 6 3 6 9 9 6 1 4 7 8 5 9 2 4 5 3 2 6 3 9 9 4 3 1 
  4 7 * 5   6 9 4   1 4 7   2   5 1 3 3 4 1 3 5 1 
2 4 8 5 4   5 6 4   5 2 7 2 4 6 4 2 9 8 6 1 5 3 1 
3 5 6 2 2 6 2 2 9 2 5 1 9   6 1 4 6 9 4 1 5 2 1 4 
2 7 9 4 7 9 7 8 8   4 2 5 7 3 8 5 6 3 4 9 3 4 4 6 
9   7   3 9 3 9 9 7 6 5 8   2   5 4 7 5 3 5 3 4 8 
6 4 5 4 9 9 6 4 9 6 9 2 8 3 8 6 4 9 3 3 4 1 5 8 1 
1 7 4 8 4 7 5 7 7 8 4 5 8 7 3   1 7 1 7 2 7 2 8 4 
9 6 7 9 3   4 1 2 4 4 9 8 9 7   3 6 7 6 5 4 3 1 2 
7 5 1 6 7 8 6 4 1 1 2 2 1 2 7   3 5 9 6 8 9 8 8 6 
1 3 4 8 3 4 3 6 9 5 9 9 3 9 3 4 6 7 6 4 2 4 3 4 2 
8 2 2 6 7 8 2 2 8 7 3 3 1 9 5   4 1 4 8 8 8 3 2 3 
4 8 6 4 3 7 1 1 4 5 1 1 5 9 6 8 5 3 7 1 2 5 2 5 5 
2 1 9 2 5 9 5 7 8 5 2 7 1 2 3   2 7 5 4 5 3 8 1 6 
4 7 5 9 8 4 8 1 7 4 4 2 2 7 5 6 2 7 8 3 2 1 8 5 4 
9 4 9 5 7 2 9 4 9 2 4 6 4 9 1 7 8 9 8 1 6 4 1 1 3 
8 3 5 9 1 9 5 3 9 3 9 2 9 9 3   5 7 7 2 6 5 2 3 4 
2 6 9 6 8 2 5 4 7 6 1 4 2 2 2 6 4 5 1 7 6 6 2 5 1 
4 4 9 7 9 4 9 5 2 9 4 9 2 2 9 3 2 5 6 6 9 1 3 4 7 
1 2 8 6 3 2 6 8 6 9 8 2 5 5 3   8 9 5 3 7 7 1 4 7 
8 6 2 6 5 2 6 5 2 9 4 6 3 6 7 1 4 2 8 2 3 1 1 7 1 
7 2 8 2 2 9 8 9 8 4 2 9 7 3 8 3 4 7 4 6 4 6 6 1 4 
7 4 8 3 7 2 8 5 7 2 7 7 1 6 5 4 7 6 3 5 6 9 5 9 8 

Step 31:
9   8 7 2 9 3 5 8   6 3 8   7   6 6 7 6 8 6 3 8 2 
    7   2   6 7 3 6 7 5 8   2 3 3 6 8 7 2 9 4 2 4 
2 6 3 6 9 9 6 1 4 7 8 5 9 2 4 5 3 2 6 3 9 9 4 3 1 
  4 7   5   6 9 4   1 4 7   2   5 1 3 3 4 1 3 5 1 
2 4 8 5 4   5 6 4   5 2 7 2 4 6 4 2 9 8 6 1 5 3 1 
3 5 6 2 2 6 2 2 9 2 5 1 9   6 1 4 6 9 4 1 5 2 1 4 
2 7 9 4 7 9 7 8 8   4 2 5 7 3 8 5 6 3 4 9 3 4 4 6 
9   7   3 9 3 9 9 7 6 5 8   2   5 4 7 5 3 5 3 4 8 
6 4 5 * 9 9 6 4 9 6 9 2 8 3 8 6 4 9 3 3 4 1 5 8 1 
1 7 4 8 4 7 5 7 7 8 4 5 8 7 3   1 7 1 7 2 7 2 8 4 
9 6 7 9 3   4 1 2 4 4 9 8 9 7   3 6 7 6 5 4 3 1 2 
7 5 1 6 7 8 6 4 1 1 2 2 1 2 7   3 5 9 6 8 9 8 8 6 
1 3 4 8 3 4 3 6 9 5 9 9 3 9 3 4 6 7 6 4 2 4 3 4 2 
8 2 2 6 7 8 2 2 8 7 3 3 1 9 5   4 1 4 8 8 8 3 2 3 
4 8 6 4 3 7 1 1 4 5 1 1 5 9 6 8 5 3 7 1 2 5 2 5 5 
2 1 9 2 5 9 5 7 8 5 2 7 1 2 3   2 7 5 4 5 3 8 1 6 
4 7 5 9 8 4 8 1 7 4 4 2 2 7 5 6 2 7 8 3 2 1 8 5 4 
9 4 9 5 7 2 9 4 9 2 4 6 4 9 1 7 8 9 8 1 6 4 1 1 3 
8 3 5 9 1 9 5 3 9 3 9 2 9 9 3   5 7 7 2 6 5 2 3 4 
2 6 9 6 8 2 5 4 7 6 1 4 2 2 2 6 4 5 1 7 6 6 2 5 1 
4 4 9 7 9 4 9 5 2 9 4 9 2 2 9 3 2 5 6 6 9 1 3 4 7 
1 2 8 6 3 2 6 8 6 9 8 2 5 5 3   8 9 5 3 7 7 1 4 7 
8 6 2 6 5 2 6 5 2 9 4 6 3 6 7 1 4 2 8 2 3 1 1 7 1 
7 2 8 2 2 9 8 9 8 4 2 9 7 3 8 3 4 7 4 6 4 6 6 1 4 
7 4 8 3 7 2 8 5 7 2 7 7 1 6 5 4 7 6 3 5 6 9 5 9 8 

Step 32:
9   8 7 2 9 3 5 8   6 3 8   7   6 6 7 6 8 6 3 8 2 
    7   2   6 7 3 6 7 5 8   2 3 3 6 8 7 2 9 4 2 4 
2 6 3 6 9 9 6 1 4 7 8 5 9 2 4 5 3 2 6 3 9 9 4 3 1 
  4 7   5   6 9 4   1 4 7   2   5 1 3 3 4 1 3 5 1 
2 4 8 5 4   5 6 4   5 2 7 2 4 6 4 2 9 8 6 1 5 3 1 
3 5 6 2 2 6 2 2 9 2 5 1 9   6 1 4 6 9 4 1 5 2 1 4 
2 7 9 4 7 9 7 8 8   4 2 5 7 3 8 5 6 3 4 9 3 4 4 6 
9   7   3 9 3 9 9 7 6 5 8   2   5 4 7 5 3 5 3 4 8 
6 4 5   9 9 6 4 9 6 9 2 8 3 8 6 4 9 3 3 4 1 5 8 1 
1 7 4 8 4 7 5 7 7 8 4 5 8 7 3   1 7 1 7 2 7 2 8 4 
9 6 7 9 3   4 1 2 4 4 9 8 9 7   3 6 7 6 5 4 3 1 2 
7 5 1 6 7 8 6 4 1 1 2 2 1 2 7   3 5 9 6 8 9 8 8 6 
1 3 4 8 3 4 3 6 9 5 9 9 3 9 3 4 6 7 6 4 2 4 3 4 2 
8 2 2 6 7 8 2 2 8 7 3 3 1 9 5   4 1 4 8 8 8 3 2 3 
4 8 6 4 3 7 1 1 4 5 1 1 5 9 6 8 5 3 7 1 2 5 2 5 5 
2 1 9 2 5 9 5 7 8 5 2 7 1 2 3   2 7 5 4 5 3 8 1 6 
4 7 5 * 8 4 8 1 7 4 4 2 2 7 5 6 2 7 8 3 2 1 8 5 4 
9 4 9 5 7 2 9 4 9 2 4 6 4 9 1 7 8 9 8 1 6 4 1 1 3 
8 3 5 9 1 9 5 3 9 3 9 2 9 9 3   5 7 7 2 6 5 2 3 4 
2 6 9 6 8 2 5 4 7 6 1 4 2 2 2 6 4 5 1 7 6 6 2 5 1 
4 4 9 7 9 4 9 5 2 9 4 9 2 2 9 3 2 5 6 6 9 1 3 4 7 
1 2 8 6 3 2 6 8 6 9 8 2 5 5 3   8 9 5 3 7 7 1 4 7 
8 6 2 6 5 2 6 5 2 9 4 6 3 6 7 1 4 2 8 2 3 1 1 7 1 
7 2 8 2 2 9 8 9 8 4 2 9 7 3 8 3 4 7 4 6 4 6 6 1 4 
7 4 8 3 7 2 8 5 7 2 7 7 1 6 5 4 7 6 3 5 6 9 5 9 8 

Step 33:
9   8 7 2 9 3 5 8   6 3 8   7   6 6 7 6 8 6 3 8 2 
    7   2   6 7 3 6 7 5 8   2 3 3 6 8 7 2 9 4 2 4 
2 6 3 6 9 9 6 1 4 7 8 5 9 2 4 5 3 2 6 3 9 9 4 3 1 
  4 7   5   6 9 4   1 4 7   2   5 1 3 3 4 1 3 5 1 
2 4 8 5 4   5 6 4   5 2 7 2 4 6 4 2 9 8 6 1 5 3 1 
3 5 6 2 2 6 2 2 9 2 5 1 9   6 1 4 6 9 4 1 5 2 1 4 
2 7 9 4 7 9 7 8 8   4 2 5 7 3 8 5 6 3 4 9 3 4 4 6 
9   7   3 9 3 9 9 7 6 5 8   2   5 4 7 5 3 5 3 4 8 
6 4 5   9 9 6 4 9 6 9 2 8 3 8 6 4 9 3 3 4 1 5 8 1 
1 7 4 8 4 7 5 7 7 8 4 5 8 7 3   1 7 1 7 2 7 2 8 4 
9 6 7 9 3   4 1 2 4 4 9 8 9 7   3 6 7 6 5 4 3 1 2 
7 5 1 6 7 8 6 4 1 1 2 2 1 2 7   3 5 9 6 8 9 8 8 6 
1 3 4 8 3 4 3 6 9 5 9 9 3 9 3 4 6 7 6 4 2 4 3 4 2 
8 2 2 6 7 8 2 2 8 7 3 3 1 9 5   4 1 4 8 8 8 3 2 3 
4 8 6 * 3 7 1 1 4 5 1 1 5 9 6 8 5 3 7 1 2 5 2 5 5 
2 1 9 2 5 9 5 7 8 5 2 7 1 2 3   2 7 5 4 5 3 8 1 6 
4 7 5   8 4 8 1 7 4 4 2 2 7 5 6 2 7 8 3 2 1 8 5 4 
9 4 9 5 7 2 9 4 9 2 4 6 4 9 1 7 8 9 8 1 6 4 1 1 3 
8 3 5 9 1 9 5 3 9 3 9 2 9 9 3   5 7 7 2 6 5 2 3 4 
2 6 9 6 8 2 5 4 7 6 1 4 2 2 2 6 4 5 1 7 6 6 2 5 1 
4 4 9 7 9 4 9 5 2 9 4 9 2 2 9 3 2 5 6 6 9 1 3 4 7 
1 2 8 6 3 2 6 8 6 9 8 2 5 5 3   8 9 5 3 7 7 1 4 7 
8 6 2 6 5 2 6 5 2 9 4 6 3 6 7 1 4 2 8 2 3 1 1 7 1 
7 2 8 2 2 9 8 9 8 4 2 9 7 3 8 3 4 7 4 6 4 6 6 1 4 
7 4 8 3 7 2 8 5 7 2 7 7 1 6 5 4 7 6 3 5 6 9 5 9 8 

Step 34:
9   8 7 2 9 3 5 8   6 3 8   7   6 6 7 6 8 6 3 8 2 
    7   2   6 7 3 6 7 5 8   2 3 3 6 8 7 2 9 4 2 4 
2 6 3 6 9 9 6 1 4 7 8 5 9 2 4 5 3 2 6 3 9 9 4 3 1 
  4 7   5   6 9 4   1 4 7   2   5 1 3 3 4 1 3 5 1 
2 4 8 5 4   5 6 4   5 2 7 2 4 6 4 2 9 8 6 1 5 3 1 
3 5 6 2 2 6 2 2 9 2 5 1 9   6 1 4 6 9 4 1 5 2 1 4 
2 7 9 4 7 9 7 8 8   4 2 5 7 3 8 5 6 3 4 9 3 4 4 6 
9   7   3 9 3 9 9 7 6 5 8   2   5 4 7 5 3 5 3 4 8 
6 4 5   9 9 6 4 9 6 9 2 8 3 8 6 4 9 3 3 4 1 5 8 1 
1 7 4 8 4 7 5 7 7 8 4 5 8 7 3   1 7 1 7 2 7 2 8 4 
9 6 7 9 3   4 1 2 4 4 9 8 9 7   3 6 7 6 5 4 3 1 2 
7 5 1 6 7 8 6 4 1 1 2 2 1 2 7   3 5 9 6 8 9 8 8 6 
1 3 4 8 3 4 3 6 9 5 9 9 3 9 3 4 6 7 6 4 2 4 3 4 2 
8 2 2 6 7 8 2 2 8 7 3 3 1 9 5   4 1 4 8 8 8 3 2 3 
4 8 6   3 7 * 1 4 5 1 1 5 9 6 8 5 3 7 1 2 5 2 5 5 
2 1 9 2 5 9 5 7 8 5 2 7 1 2 3   2 7 5 4 5 3 8 1 6 
4 7 5   8 4 8 1 7 4 4 2 2 7 5 6 2 7 8 3 2 1 8 5 4 
9 4 9 5 7 2 9 4 9 2 4 6 4 9 1 7 8 9 8 1 6 4 1 1 3 
8 3 5 9 1 9 5 3 9 3 9 2 9 9 3   5 7 7 2 6 5 2 3 4 
2 6 9 6 8 2 5 4 7 6 1 4 2 2 2 6 4 5 1 7 6 6 2 5 1 
4 4 9 7 9 4 9 5 2 9 4 9 2 2 9 3 2 5 6 6 9 1 3 4 7 
1 2 8 6 3 2 6 8 6 9 8 2 5 5 3   8 9 5 3 7 7 1 4 7 
8 6 2 6 5 2 6 5 2 9 4 6 3 6 7 1 4 2 8 2 3 1 1 7 1 
7 2 8 2 2 9 8 9 8 4 2 9 7 3 8 3 4 7 4 6 4 6 6 1 4 
7 4 8 3 7 2 8 5 7 2 7 7 1 6 5 4 7 6 3 5 6 9 5 9 8 

Step 35:
9   8 7 2 9 3 5 8   6 3 8   7   6 6 7 6 8 6 3 8 2 
    7   2   6 7 3 6 7 5 8   2 3 3 6 8 7 2 9 4 2 4 
2 6 3 6 9 9 6 1 4 7 8 5 9 2 4 5 3 2 6 3 9 9 4 3 1 
  4 7   5   6 9 4   1 4 7   2   5 1 3 3 4 1 3 5 1 
2 4 8 5 4   5 6 4   5 2 7 2 4 6 4 2 9 8 6 1 5 3 1 
3 5 6 2 2 6 2 2 9 2 5 1 9   6 1 4 6 9 4 1 5 2 1 4 
2 7 9 4 7 9 7 8 8   4 2 5 7 3 8 5 6 3 4 9 3 4 4 6 
9   7   3 9 3 9 9 7 6 5 8   2   5 4 7 5 3 5 3 4 8 
6 4 5   9 9 6 4 9 6 9 2 8 3 8 6 4 9 3 3 4 1 5 8 1 
1 7 4 8 4 7 5 7 7 8 4 5 8 7 3   1 7 1 7 2 7 2 8 4 
9 6 7 9 3   4 1 2 4 4 9 8 9 7   3 6 7 6 5 4 3 1 2 
7 5 1 6 7 8 6 4 1 1 2 2 1 2 7   3 5 9 6 8 9 8 8 6 
1 3 4 8 3 4 * 6 9 5 9 9 3 9 3 4 6 7 6 4 2 4 3 4 2 
8 2 2 6 7 8 2 2 8 7 3 3 1 9 5   4 1 4 8 8 8 3 2 3 
4 8 6   3 7   1 4 5 1 1 5 9 6 8 5 3 7 1 2 5 2 5 5 
2 1 9 2 5 9 5 7 8 5 2 7 1 2 3   2 7 5 4 5 3 8 1 6 
4 7 5   8 4 8 1 7 4 4 2 2 7 5 6 2 7 8 3 2 1 8 5 4 
9 4 9 5 7 2 9 4 9 2 4 6 4 9 1 7 8 9 8 1 6 4 1 1 3 
8 3 5 9 1 9 5 3 9 3 9 2 9 9 3   5 7 7 2 6 5 2 3 4 
2 6 9 6 8 2 5 4 7 6 1 4 2 2 2 6 4 5 1 7 6 6 2 5 1 
4 4 9 7 9 4 9 5 2 9 4 9 2 2 9 3 2 5 6 6 9 1 3 4 7 
1 2 8 6 3 2 6 8 6 9 8 2 5 5 3   8 9 5 3 7 7 1 4 7 
8 6 2 6 5 2 6 5 2 9 4 6 3 6 7 1 4 2 8 2 3 1 1 7 1 
7 2 8 2 2 9 8 9 8 4 2 9 7 3 8 3 4 7 4 6 4 6 6 1 4 
7 4 8 3 7 2 8 5 7 2 7 7 1 6 5 4 7 6 3 5 6 9 5 9 8 

Step 36:
9   8 7 2 9 3 5 8   6 3 8   7   6 6 7 6 8 6 3 8 2 
    7   2   6 7 3 6 7 5 8   2 3 3 6 8 7 2 9 4 2 4 
2 6 3 6 9 9 6 1 4 7 8 5 9 2 4 5 3 2 6 3 9 9 4 3 1 
  4 7   5   6 9 4   1 4 7   2   5 1 3 3 4 1 3 5 1 
2 4 8 5 4   5 6 4   5 2 7 2 4 6 4 2 9 8 6 1 5 3 1 
3 5 6 2 2 6 2 2 9 2 5 1 9   6 1 4 6 9 4 1 5 2 1 4 
2 7 9 4 7 9 * 8 8   4 2 5 7 3 8 5 6 3 4 9 3 4 4 6 
9   7   3 9 3 9 9 7 6 5 8   2   5 4 7 5 3 5 3 4 8 
6 4 5   9 9 6 4 9 6 9 2 8 3 8 6 4 9 3 3 4 1 5 8 1 
1 7 4 8 4 7 5 7 7 8 4 5 8 7 3   1 7 1 7 2 7 2 8 4 
9 6 7 9 3   4 1 2 4 4 9 8 9 7   3 6 7 6 5 4 3 1 2 
7 5 1 6 7 8 6 4 1 1 2 2 1 2 7   3 5 9 6 8 9 8 8 6 
1 3 4 8 3 4   6 9 5 9 9 3 9 3 4 6 7 6 4 2 4 3 4 2 
8 2 2 6 7 8 2 2 8 7 3 3 1 9 5   4 1 4 8 8 8 3 2 3 
4 8 6   3 7   1 4 5 1 1 5 9 6 8 5 3 7 1 2 5 2 5 5 
2 1 9 2 5 9 5 7 8 5 2 7 1 2 3   2 7 5 4 5 3 8 1 6 
4 7 5   8 4 8 1 7 4 4 2 2 7 5 6 2 7 8 3 2 1 8 5 4 
9 4 9 5 7 2 9 4 9 2 4 6 4 9 1 7 8 9 8 1 6 4 1 1 3 
8 3 5 9 1 9 5 3 9 3 9 2 9 9 3   5 7 7 2 6 5 2 3 4 
2 6 9 6 8 2 5 4 7 6 1 4 2 2 2 6 4 5 1 7 6 6 2 5 1 
4 4 9 7 9 4 9 5 2 9 4 9 2 2 9 3 2 5 6 6 9 1 3 4 7 
1 2 8 6 3 2 6 8 6 9 8 2 5 5 3   8 9 5 3 7 7 1 4 7 
8 6 2 6 5 2 6 5 2 9 4 6 3 6 7 1 4 2 8 2 3 1 1 7 1 
7 2 8 2 2 9 8 9 8 4 2 9 7 3 8 3 4 7 4 6 4 6 6 1 4 
7 4 8 3 7 2 8 5 7 2 7 7 1 6 5 4 7 6 3 5 6 9 5 9 8 

Step 37:
9   8 7 2 9 3 5 8   6 3 8   7   6 6 7 6 8 6 3 8 2 
    7   2   6 7 3 6 7 5 8   2 3 3 6 8 7 2 9 4 2 4 
2 6 3 6 9 9 6 1 4 7 8 5 9 2 4 5 3 2 6 3 9 9 4 3 1 
  4 7   5   6 9 4   1 4 7   2   5 1 3 3 4 1 3 5 1 
2 4 8 5 4   * 6 4   5 2 7 2 4 6 4 2 9 8 6 1 5 3 1 
3 5 6 2 2 6 2 2 9 2 5 1 9   6 1 4 6 9 4 1 5 2 1 4 
2 7 9 4 7 9   8 8   4 2 5 7 3 8 5 6 3 4 9 3 4 4 6 
9   7   3 9 3 9 9 7 6 5 8   2   5 4 7 5 3 5 3 4 8 
6 4 5   9 9 6 4 9 6 9 2 8 3 8 6 4 9 3 3 4 1 5 8 1 
1 7 4 8 4 7 5 7 7 8 4 5 8 7 3   1 7 1 7 2 7 2 8 4 
9 6 7 9 3   4 1 2 4 4 9 8 9 7   3 6 7 6 5 4 3 1 2 
7 5 1 6 7 8 6 4 1 1 2 2 1 2 7   3 5 9 6 8 9 8 8 6 
1 3 4 8 3 4   6 9 5 9 9 3 9 3 4 6 7 6 4 2 4 3 4 2 
8 2 2 6 7 8 2 2 8 7 3 3 1 9 5   4 1 4 8 8 8 3 2 3 
4 8 6   3 7   1 4 5 1 1 5 9 6 8 5 3 7 1 2 5 2 5 5 
2 1 9 2 5 9 5 7 8 5 2 7 1 2 3   2 7 5 4 5 3 8 1 6 
4 7 5   8 4 8 1 7 4 4 2 2 7 5 6 2 7 8 3 2 1 8 5 4 
9 4 9 5 7 2 9 4 9 2 4 6 4 9 1 7 8 9 8 1 6 4 1 1 3 
8 3 5 9 1 9 5 3 9 3 9 2 9 9 3   5 7 7 2 6 5 2 3 4 
2 6 9 6 8 2 5 4 7 6 1 4 2 2 2 6 4 5 1 7 6 6 2 5 1 
4 4 9 7 9 4 9 5 2 9 4 9 2 2 9 3 2 5 6 6 9 1 3 4 7 
1 2 8 6 3 2 6 8 6 9 8 2 5 5 3   8 9 5 3 7 7 1 4 7 
8 6 2 6 5 2 6 5 2 9 4 6 3 6 7 1 4 2 8 2 3 1 1 7 1 
7 2 8 2 2 9 8 9 8 4 2 9 7 3 8 3 4 7 4 6 4 6 6 1 4 
7 4 8 3 7 2 8 5 7 2 7 7 1 6 5 4 7 6 3 5 6 9 5 9 8 

Step 38:
9   8 7 2 9 3 5 8   6 3 8   7   6 6 7 6 8 6 3 8 2 
    7   2   6 7 3 6 7 5 8   2 3 3 6 8 7 2 9 4 2 4 
2 6 3 6 9 9 6 1 4 7 8 5 9 2 4 5 3 2 6 3 9 9 4 3 1 
  4 7   5   6 9 4   1 4 7   2   5 1 3 3 4 1 3 5 1 
2 4 8 5 4     6 4   5 2 * 2 4 6 4 2 9 8 6 1 5 3 1 
3 5 6 2 2 6 2 2 9 2 5 1 9   6 1 4 6 9 4 1 5 2 1 4 
2 7 9 4 7 9   8 8   4 2 5 7 3 8 5 6 3 4 9 3 4 4 6 
9   7   3 9 3 9 9 7 6 5 8   2   5 4 7 5 3 5 3 4 8 
6 4 5   9 9 6 4 9 6 9 2 8 3 8 6 4 9 3 3 4 1 5 8 1 
1 7 4 8 4 7 5 7 7 8 4 5 8 7 3   1 7 1 7 2 7 2 8 4 
9 6 7 9 3   4 1 2 4 4 9 8 9 7   3 6 7 6 5 4 3 1 2 
7 5 1 6 7 8 6 4 1 1 2 2 1 2 7   3 5 9 6 8 9 8 8 6 
1 3 4 8 3 4   6 9 5 9 9 3 9 3 4 6 7 6 4 2 4 3 4 2 
8 2 2 6 7 8 2 2 8 7 3 3 1 9 5   4 1 4 8 8 8 3 2 3 
4 8 6   3 7   1 4 5 1 1 5 9 6 8 5 3 7 1 2 5 2 5 5 
2 1 9 2 5 9 5 7 8 5 2 7 1 2 3   2 7 5 4 5 3 8 1 6 
4 7 5   8 4 8 1 7 4 4 2 2 7 5 6 2 7 8 3 2 1 8 5 4 
9 4 9 5 7 2 9 4 9 2 4 6 4 9 1 7 8 9 8 1 6 4 1 1 3 
8 3 5 9 1 9 5 3 9 3 9 2 9 9 3   5 7 7 2 6 5 2 3 4 
2 6 9 6 8 2 5 4 7 6 1 4 2 2 2 6 4 5 1 7 6 6 2 5 1 
4 4 9 7 9 4 9 5 2 9 4 9 2 2 9 3 2 5 6 6 9 1 3 4 7 
1 2 8 6 3 2 6 8 6 9 8 2 5 5 3   8 9 5 3 7 7 1 4 7 
8 6 2 6 5 2 6 5 2 9 4 6 3 6 7 1 4 2 8 2 3 1 1 7 1 
7 2 8 2 2 9 8 9 8 4 2 9 7 3 8 3 4 7 4 6 4 6 6 1 4 
7 4 8 3 7 2 8 5 7 2 7 7 1 6 5 4 7 6 3 5 6 9 5 9 8 

Step 39:
9   8 7 2 9 3 5 8   6 3 8   7   6 6 7 6 8 6 3 8 2 
    7   2   6 7 3 6 7 5 8   2 3 3 6 8 7 2 9 4 2 4 
2 6 3 6 9 9 6 1 4 7 8 5 9 2 4 5 3 2 6 3 9 9 4 3 1 
  4 7   5   6 9 4   1 4 7   2   5 1 3 3 4 1 3 5 1 
2 4 8 5 4     6 4   5 2   2 4 6 4 2 9 8 6 1 5 3 1 
3 5 6 2 2 6 2 2 9 2 5 1 9   6 1 4 6 9 4 1 5 2 1 4 
2 7 9 4 7 9   8 8   4 2 5 7 3 8 5 6 3 4 9 3 4 4 6 
9   7   3 9 3 9 9 7 6 5 8   2   5 4 7 5 3 5 3 4 8 
6 4 5   9 9 6 4 9 6 9 2 8 3 8 6 4 9 3 3 4 1 5 8 1 
1 7 4 8 4 7 5 7 7 8 4 5 8 7 3   1 7 1 7 2 7 2 8 4 
9 6 7 9 3   4 1 2 4 4 9 8 9 7   3 6 7 6 5 4 3 1 2 
7 5 1 6 7 8 6 4 1 1 2 2 1 2 7   3 5 9 6 8 9 8 8 6 
1 3 4 8 3 4   6 9 5 9 9 3 9 3 4 6 7 6 4 2 4 3 4 2 
8 2 2 6 7 8 2 2 8 7 3 3 * 9 5   4 1 4 8 8 8 3 2 3 
4 8 6   3 7   1 4 5 1 1 5 9 6 8 5 3 7 1 2 5 2 5 5 
2 1 9 2 5 9 5 7 8 5 2 7 1 2 3   2 7 5 4 5 3 8 1 6 
4 7 5   8 4 8 1 7 4 4 2 2 7 5 6 2 7 8 3 2 1 8 5 4 
9 4 9 5 7 2 9 4 9 2 4 6 4 9 1 7 8 9 8 1 6 4 1 1 3 
8 3 5 9 1 9 5 3 9 3 9 2 9 9 3   5 7 7 2 6 5 2 3 4 
2 6 9 6 8 2 5 4 7 6 1 4 2 2 2 6 4 5 1 7 6 6 2 5 1 
4 4 9 7 9 4 9 5 2 9 4 9 2 2 9 3 2 5 6 6 9 1 3 4 7 
1 2 8 6 3 2 6 8 6 9 8 2 5 5 3   8 9 5 3 7 7 1 4 7 
8 6 2 6 5 2 6 5 2 9 4 6 3 6 7 1 4 2 8 2 3 1 1 7 1 
7 2 8 2 2 9 8 9 8 4 2 9 7 3 8 3 4 7 4 6 4 6 6 1 4 
7 4 8 3 7 2 8 5 7 2 7 7 1 6 5 4 7 6 3 5 6 9 5 9 8 

Step 40:
9   8 7 2 9 3 5 8   6 3 8   7   6 6 7 6 8 6 3 8 2 
    7   2   6 7 3 6 7 5 8   2 3 3 6 8 7 2 9 4 2 4 
2 6 3 6 9 9 6 1 4 7 8 5 9 2 4 5 3 2 6 3 9 9 4 3 1 
  4 7   5   6 9 4   1 4 7   2   5 1 3 3 4 1 3 5 1 
2 4 8 5 4     6 4   5 2   2 4 6 4 2 9 8 6 1 5 3 1 
3 5 6 2 2 6 2 2 9 2 5 1 9   6 1 4 6 9 4 1 5 2 1 4 
2 7 9 4 7 9   8 8   4 2 5 7 3 8 5 6 3 4 9 3 4 4 6 
9   7   3 9 3 9 9 7 6 5 8   2   5 4 7 5 3 5 3 4 8 
6 4 5   9 9 6 4 9 6 9 2 8 3 8 6 4 9 3 3 4 1 5 8 1 
1 7 4 8 4 7 5 7 7 8 4 5 8 7 3   1 7 1 7 2 7 2 8 4 
9 6 7 9 3   4 1 2 4 4 9 * 9 7   3 6 7 6 5 4 3 1 2 
7 5 1 6 7 8 6 4 1 1 2 2 1 2 7   3 5 9 6 8 9 8 8 6 
1 3 4 8 3 4   6 9 5 9 9 3 9 3 4 6 7 6 4 2 4 3 4 2 
8 2 2 6 7 8 2 2 8 7 3 3   9 5   4 1 4 8 8 8 3 2 3 
4 8 6   3 7   1 4 5 1 1 5 9 6 8 5 3 7 1 2 5 2 5 5 
2 1 9 2 5 9 5 7 8 5 2 7 1 2 3   2 7 5 4 5 3 8 1 6 
4 7 5   8 4 8 1 7 4 4 2 2 7 5 6 2 7 8 3 2 1 8 5 4 
9 4 9 5 7 2 9 4 9 2 4 6 4 9 1 7 8 9 8 1 6 4 1 1 3 
8 3 5 9 1 9 5 3 9 3 9 2 9 9 3   5 7 7 2 6 5 2 3 4 
2 6 9 6 8 2 5 4 7 6 1 4 2 2 2 6 4 5 1 7 6 6 2 5 1 
4 4 9 7 9 4 9 5 2 9 4 9 2 2 9 3 2 5 6 6 9 1 3 4 7 
1 2 8 6 3 2 6 8 6 9 8 2 5 5 3   8 9 5 3 7 7 1 4 7 
8 6 2 6 5 2 6 5 2 9 4 6 3 6 7 1 4 2 8 2 3 1 1 7 1 
7 2 8 2 2 9 8 9 8 4 2 9 7 3 8 3 4 7 4 6 4 6 6 1 4 
7 4 8 3 7 2 8 5 7 2 7 7 1 6 5 4 7 6 3 5 6 9 5 9 8 

Step 41:
9   8 7 2 9 3 5 8   6 3 8   7   6 6 7 6 8 6 3 8 2 
    7   2   6 7 3 6 7 5 8   2 3 3 6 8 7 2 9 4 2 4 
2 6 3 6 9 9 6 1 4 7 8 5 * 2 4 5 3 2 6 3 9 9 4 3 1 
  4 7   5   6 9 4   1 4 7   2   5 1 3 3 4 1 3 5 1 
2 4 8 5 4     6 4   5 2   2 4 6 4 2 9 8 6 1 5 3 1 
3 5 6 2 2 6 2 2 9 2 5 1 9   6 1 4 6 9 4 1 5 2 1 4 
2 7 9 4 7 9   8 8   4 2 5 7 3 8 5 6 3 4 9 3 4 4 6 
9   7   3 9 3 9 9 7 6 5 8   2   5 4 7 5 3 5 3 4 8 
6 4 5   9 9 6 4 9 6 9 2 8 3 8 6 4 9 3 3 4 1 5 8 1 
1 7 4 8 4 7 5 7 7 8 4 5 8 7 3   1 7 1 7 2 7 2 8 4 
9 6 7 9 3   4 1 2 4 4 9   9 7   3 6 7 6 5 4 3 1 2 
7 5 1 6 7 8 6 4 1 1 2 2 1 2 7   3 5 9 6 8 9 8 8 6 
1 3 4 8 3 4   6 9 5 9 9 3 9 3 4 6 7 6 4 2 4 3 4 2 
8 2 2 6 7 8 2 2 8 7 3 3   9 5   4 1 4 8 8 8 3 2 3 
4 8 6   3 7   1 4 5 1 1 5 9 6 8 5 3 7 1 2 5 2 5 5 
2 1 9 2 5 9 5 7 8 5 2 7 1 2 3   2 7 5 4 5 3 8 1 6 
4 7 5   8 4 8 1 7 4 4 2 2 7 5 6 2 7 8 3 2 1 8 5 4 
9 4 9 5 7 2 9 4 9 2 4 6 4 9 1 7 8 9 8 1 6 4 1 1 3 
8 3 5 9 1 9 5 3 9 3 9 2 9 9 3   5 7 7 2 6 5 2 3 4 
2 6 9 6 8 2 5 4 7 6 1 4 2 2 2 6 4 5 1 7 6 6 2 5 1 
4 4 9 7 9 4 9 5 2 9 4 9 2 2 9 3 2 5 6 6 9 1 3 4 7 
1 2 8 6 3 2 6 8 6 9 8 2 5 5 3   8 9 5 3 7 7 1 4 7 
8 6 2 6 5 2 6 5 2 9 4 6 3 6 7 1 4 2 8 2 3 1 1 7 1 
7 2 8 2 2 9 8 9 8 4 2 9 7 3 8 3 4 7 4 6 4 6 6 1 4 
7 4 8 3 7 2 8 5 7 2 7 7 1 6 5 4 7 6 3 5 6 9 5 9 8 

Step 42:
9   8 7 2 9 3 5 8   6 3 8   7   6 6 7 6 8 6 3 8 2 
    7   2   6 7 3 6 7 5 8   2 3 3 6 8 7 2 9 4 2 4 
2 6 3 6 9 9 6 1 4 7 8 5   2 4 5 3 2 6 3 9 9 4 3 1 
  4 7   5   6 9 4   1 4 7   2   5 1 3 3 4 1 3 5 1 
2 4 8 5 4     6 4   5 2   2 4 6 4 2 9 8 6 1 5 3 1 
3 5 6 2 2 6 2 2 9 2 5 1 9   6 1 4 6 9 4 1 5 2 1 4 
2 7 9 4 7 9   8 8   4 2 5 7 3 8 5 6 3 4 9 3 4 4 6 
9   7   3 9 3 9 9 7 6 5 8   2   5 4 7 5 3 5 3 4 8 
6 4 5   9 9 6 4 9 6 9 2 8 3 8 6 4 9 3 3 4 1 5 8 1 
1 7 4 8 4 7 5 7 7 8 4 5 * 7 3   1 7 1 7 2 7 2 8 4 
9 6 7 9 3   4 1 2 4 4 9   9 7   3 6 7 6 5 4 3 1 2 
7 5 1 6 7 8 6 4 1 1 2 2 1 2 7   3 5 9 6 8 9 8 8 6 
1 3 4 8 3 4   6 9 5 9 9 3 9 3 4 6 7 6 4 2 4 3 4 2 
8 2 2 6 7 8 2 2 8 7 3 3   9 5   4 1 4 8 8 8 3 2 3 
4 8 6   3 7   1 4 5 1 1 5 9 6 8 5 3 7 1 2 5 2 5 5 
2 1 9 2 5 9 5 7 8 5 2 7 1 2 3   2 7 5 4 5 3 8 1 6 
4 7 5   8 4 8 1 7 4 4 2 2 7 5 6 2 7 8 3 2 1 8 5 4 
9 4 9 5 7 2 9 4 9 2 4 6 4 9 1 7 8 9 8 1 6 4 1 1 3 
8 3 5 9 1 9 5 3 9 3 9 2 9 9 3   5 7 7 2 6 5 2 3 4 
2 6 9 6 8 2 5 4 7 6 1 4 2 2 2 6 4 5 1 7 6 6 2 5 1 
4 4 9 7 9 4 9 5 2 9 4 9 2 2 9 3 2 5 6 6 9 1 3 4 7 
1 2 8 6 3 2 6 8 6 9 8 2 5 5 3   8 9 5 3 7 7 1 4 7 
8 6 2 6 5 2 6 5 2 9 4 6 3 6 7 1 4 2 8 2 3 1 1 7 1 
7 2 8 2 2 9 8 9 8 4 2 9 7 3 8 3 4 7 4 6 4 6 6 1 4 
7 4 8 3 7 2 8 5 7 2 7 7 1 6 5 4 7 6 3 5 6 9 5 9 8 

Step 43:
9   8 7 2 9 3 5 8   6 3 8   7   6 6 7 6 8 6 3 8 2 
    7   2   6 7 3 6 7 5 *   2 3 3 6 8 7 2 9 4 2 4 
2 6 3 6 9 9 6 1 4 7 8 5   2 4 5 3 2 6 3 9 9 4 3 1 
  4 7   5   6 9 4   1 4 7   2   5 1 3 3 4 1 3 5 1 
2 4 8 5 4     6 4   5 2   2 4 6 4 2 9 8 6 1 5 3 1 
3 5 6 2 2 6 2 2 9 2 5 1 9   6 1 4 6 9 4 1 5 2 1 4 
2 7 9 4 7 9   8 8   4 2 5 7 3 8 5 6 3 4 9 3 4 4 6 
9   7   3 9 3 9 9 7 6 5 8   2   5 4 7 5 3 5 3 4 8 
6 4 5   9 9 6 4 9 6 9 2 8 3 8 6 4 9 3 3 4 1 5 8 1 
1 7 4 8 4 7 5 7 7 8 4 5   7 3   1 7 1 7 2 7 2 8 4 
9 6 7 9 3   4 1 2 4 4 9   9 7   3 6 7 6 5 4 3 1 2 
7 5 1 6 7 8 6 4 1 1 2 2 1 2 7   3 5 9 6 8 9 8 8 6 
1 3 4 8 3 4   6 9 5 9 9 3 9 3 4 6 7 6 4 2 4 3 4 2 
8 2 2 6 7 8 2 2 8 7 3 3   9 5   4 1 4 8 8 8 3 2 3 
4 8 6   3 7   1 4 5 1 1 5 9 6 8 5 3 7 1 2 5 2 5 5 
2 1 9 2 5 9 5 7 8 5 2 7 1 2 3   2 7 5 4 5 3 8 1 6 
4 7 5   8 4 8 1 7 4 4 2 2 7 5 6 2 7 8 3 2 1 8 5 4 
9 4 9 5 7 2 9 4 9 2 4 6 4 9 1 7 8 9 8 1 6 4 1 1 3 
8 3 5 9 1 9 5 3 9 3 9 2 9 9 3   5 7 7 2 6 5 2 3 4 
2 6 9 6 8 2 5 4 7 6 1 4 2 2 2 6 4 5 1 7 6 6 2 5 1 
4 4 9 7 9 4 9 5 2 9 4 9 2 2 9 3 2 5 6 6 9 1 3 4 7 
1 2 8 6 3 2 6 8 6 9 8 2 5 5 3   8 9 5 3 7 7 1 4 7 
8 6 2 6 5 2 6 5 2 9 4 6 3 6 7 1 4 2 8 2 3 1 1 7 1 
7 2 8 2 2 9 8 9 8 4 2 9 7 3 8 3 4 7 4 6 4 6 6 1 4 
7 4 8 3 7 2 8 5 7 2 7 7 1 6 5 4 7 6 3 5 6 9 5 9 8 

Step 44:
9   8 7 2 9 3 5 8   6 3 8   7   6 6 7 6 8 6 3 8 2 
    7   2   6 * 3 6 7 5     2 3 3 6 8 7 2 9 4 2 4 
2 6 3 6 9 9 6 1 4 7 8 5   2 4 5 3 2 6 3 9 9 4 3 1 
  4 7   5   6 9 4   1 4 7   2   5 1 3 3 4 1 3 5 1 
2 4 8 5 4     6 4   5 2   2 4 6 4 2 9 8 6 1 5 3 1 
3 5 6 2 2 6 2 2 9 2 5 1 9   6 1 4 6 9 4 1 5 2 1 4 
2 7 9 4 7 9   8 8   4 2 5 7 3 8 5 6 3 4 9 3 4 4 6 
9   7   3 9 3 9 9 7 6 5 8   2   5 4 7 5 3 5 3 4 8 
6 4 5   9 9 6 4 9 6 9 2 8 3 8 6 4 9 3 3 4 1 5 8 1 
1 7 4 8 4 7 5 7 7 8 4 5   7 3   1 7 1 7 2 7 2 8 4 
9 6 7 9 3   4 1 2 4 4 9   9 7   3 6 7 6 5 4 3 1 2 
7 5 1 6 7 8 6 4 1 1 2 2 1 2 7   3 5 9 6 8 9 8 8 6 
1 3 4 8 3 4   6 9 5 9 9 3 9 3 4 6 7 6 4 2 4 3 4 2 
8 2 2 6 7 8 2 2 8 7 3 3   9 5   4 1 4 8 8 8 3 2 3 
4 8 6   3 7   1 4 5 1 1 5 9 6 8 5 3 7 1 2 5 2 5 5 
2 1 9 2 5 9 5 7 8 5 2 7 1 2 3   2 7 5 4 5 3 8 1 6 
4 7 5   8 4 8 1 7 4 4 2 2 7 5 6 2 7 8 3 2 1 8 5 4 
9 4 9 5 7 2 9 4 9 2 4 6 4 9 1 7 8 9 8 1 6 4 1 1 3 
8 3 5 9 1 9 5 3 9 3 9 2 9 9 3   5 7 7 2 6 5 2 3 4 
2 6 9 6 8 2 5 4 7 6 1 4 2 2 2 6 4 5 1 7 6 6 2 5 1 
4 4 9 7 9 4 9 5 2 9 4 9 2 2 9 3 2 5 6 6 9 1 3 4 7 
1 2 8 6 3 2 6 8 6 9 8 2 5 5 3   8 9 5 3 7 7 1 4 7 
8 6 2 6 5 2 6 5 2 9 4 6 3 6 7 1 4 2 8 2 3 1 1 7 1 
7 2 8 2 2 9 8 9 8 4 2 9 7 3 8 3 4 7 4 6 4 6 6 1 4 
7 4 8 3 7 2 8 5 7 2 7 7 1 6 5 4 7 6 3 5 6 9 5 9 8 

Step 45:
9   8 7 2 9 3 5 8   6 3 8   7   6 6 7 6 8 6 3 8 2 
    7   2   6   3 6 7 5     2 3 3 6 8 7 2 9 4 2 4 
2 6 3 6 9 9 6 * 4 7 8 5   2 4 5 3 2 6 3 9 9 4 3 1 
  4 7   5   6 9 4   1 4 7   2   5 1 3 3 4 1 3 5 1 
2 4 8 5 4     6 4   5 2   2 4 6 4 2 9 8 6 1 5 3 1 
3 5 6 2 2 6 2 2 9 2 5 1 9   6 1 4 6 9 4 1 5 2 1 4 
2 7 9 4 7 9   8 8   4 2 5 7 3 8 5 6 3 4 9 3 4 4 6 
9   7   3 9 3 9 9 7 6 5 8   2   5 4 7 5 3 5 3 4 8 
6 4 5   9 9 6 4 9 6 9 2 8 3 8 6 4 9 3 3 4 1 5 8 1 
1 7 4 8 4 7 5 7 7 8 4 5   7 3   1 7 1 7 2 7 2 8 4 
9 6 7 9 3   4 1 2 4 4 9   9 7   3 6 7 6 5 4 3 1 2 
7 5 1 6 7 8 6 4 1 1 2 2 1 2 7   3 5 9 6 8 9 8 8 6 
1 3 4 8 3 4   6 9 5 9 9 3 9 3 4 6 7 6 4 2 4 3 4 2 
8 2 2 6 7 8 2 2 8 7 3 3   9 5   4 1 4 8 8 8 3 2 3 
4 8 6   3 7   1 4 5 1 1 5 9 6 8 5 3 7 1 2 5 2 5 5 
2 1 9 2 5 9 5 7 8 5 2 7 1 2 3   2 7 5 4 5 3 8 1 6 
4 7 5   8 4 8 1 7 4 4 2 2 7 5 6 2 7 8 3 2 1 8 5 4 
9 4 9 5 7 2 9 4 9 2 4 6 4 9 1 7 8 9 8 1 6 4 1 1 3 
8 3 5 9 1 9 5 3 9 3 9 2 9 9 3   5 7 7 2 6 5 2 3 4 
2 6 9 6 8 2 5 4 7 6 1 4 2 2 2 6 4 5 1 7 6 6 2 5 1 
4 4 9 7 9 4 9 5 2 9 4 9 2 2 9 3 2 5 6 6 9 1 3 4 7 
1 2 8 6 3 2 6 8 6 9 8 2 5 5 3   8 9 5 3 7 7 1 4 7 
8 6 2 6 5 2 6 5 2 9 4 6 3 6 7 1 4 2 8 2 3 1 1 7 1 
7 2 8 2 2 9 8 9 8 4 2 9 7 3 8 3 4 7 4 6 4 6 6 1 4 
7 4 8 3 7 2 8 5 7 2 7 7 1 6 5 4 7 6 3 5 6 9 5 9 8 

Step 46:
9   8 7 2 9 3 5 8   6 3 8   7   6 6 7 6 8 6 3 8 2 
    7   2   6   3 6 7 5     2 3 3 6 8 7 2 9 4 2 4 
2 6 3 6 9 9 6   4 7 8 5   2 4 5 3 2 6 3 9 9 4 3 1 
  4 7   5   6 9 4   1 4 7   2   5 1 3 3 4 1 3 5 1 
2 4 8 5 4     6 4   5 2   2 4 6 4 2 9 8 6 1 5 3 1 
3 5 6 2 2 6 2 2 9 2 5 1 9   6 1 4 6 9 4 1 5 2 1 4 
2 7 9 4 7 9   8 8   4 2 5 7 3 8 5 6 3 4 9 3 4 4 6 
9   7   3 9 3 9 9 7 6 5 8   2   5 4 7 5 3 5 3 4 8 
6 4 5   9 9 6 4 9 6 9 2 8 3 8 6 4 9 3 3 4 1 5 8 1 
1 7 4 8 4 7 5 7 7 8 4 5   7 3   1 7 1 7 2 7 2 8 4 
9 6 7 9 3   4 1 2 4 4 9   9 7   3 6 7 6 5 4 3 1 2 
7 5 1 6 7 8 6 * 1 1 2 2 1 2 7   3 5 9 6 8 9 8 8 6 
1 3 4 8 3 4   6 9 5 9 9 3 9 3 4 6 7 6 4 2 4 3 4 2 
8 2 2 6 7 8 2 2 8 7 3 3   9 5   4 1 4 8 8 8 3 2 3 
4 8 6   3 7   1 4 5 1 1 5 9 6 8 5 3 7 1 2 5 2 5 5 
2 1 9 2 5 9 5 7 8 5 2 7 1 2 3   2 7 5 4 5 3 8 1 6 
4 7 5   8 4 8 1 7 4 4 2 2 7 5 6 2 7 8 3 2 1 8 5 4 
9 4 9 5 7 2 9 4 9 2 4 6 4 9 1 7 8 9 8 1 6 4 1 1 3 
8 3 5 9 1 9 5 3 9 3 9 2 9 9 3   5 7 7 2 6 5 2 3 4 
2 6 9 6 8 2 5 4 7 6 1 4 2 2 2 6 4 5 1 7 6 6 2 5 1 
4 4 9 7 9 4 9 5 2 9 4 9 2 2 9 3 2 5 6 6 9 1 3 4 7 
1 2 8 6 3 2 6 8 6 9 8 2 5 5 3   8 9 5 3 7 7 1 4 7 
8 6 2 6 5 2 6 5 2 9 4 6 3 6 7 1 4 2 8 2 3 1 1 7 1 
7 2 8 2 2 9 8 9 8 4 2 9 7 3 8 3 4 7 4 6 4 6 6 1 4 
7 4 8 3 7 2 8 5 7 2 7 7 1 6 5 4 7 6 3 5 6 9 5 9 8 

Step 47:
9   8 7 2 9 3 5 8   6 3 8   7   6 6 7 6 8 6 3 8 2 
    7   2   6   3 6 7 5     2 3 3 6 8 7 2 9 4 2 4 
2 6 3 6 9 9 6   4 7 8 5   2 4 5 3 2 6 3 9 9 4 3 1 
  4 7   5   6 9 4   1 4 7   2   5 1 3 3 4 1 3 5 1 
2 4 8 5 4     6 4   5 2   2 4 6 4 2 9 8 6 1 5 3 1 
3 5 6 2 2 6 2 2 9 2 5 1 9   6 1 4 6 9 4 1 5 2 1 4 
2 7 9 4 7 9   8 8   4 2 5 7 3 8 5 6 3 4 9 3 4 4 6 
9   7   3 9 3 9 9 7 6 5 8   2   5 4 7 5 3 5 3 4 8 
6 4 5   9 9 6 4 9 6 9 2 8 3 8 6 4 9 3 3 4 1 5 8 1 
1 7 4 8 4 7 5 7 7 8 4 5   7 3   1 7 1 7 2 7 2 8 4 
9 6 7 9 3   4 * 2 4 4 9   9 7   3 6 7 6 5 4 3 1 2 
7 5 1 6 7 8 6   1 1 2 2 1 2 7   3 5 9 6 8 9 8 8 6 
1 3 4 8 3 4   6 9 5 9 9 3 9 3 4 6 7 6 4 2 4 3 4 2 
8 2 2 6 7 8 2 2 8 7 3 3   9 5   4 1 4 8 8 8 3 2 3 
4 8 6   3 7   1 4 5 1 1 5 9 6 8 5 3 7 1 2 5 2 5 5 
2 1 9 2 5 9 5 7 8 5 2 7 1 2 3   2 7 5 4 5 3 8 1 6 
4 7 5   8 4 8 1 7 4 4 2 2 7 5 6 2 7 8 3 2 1 8 5 4 
9 4 9 5 7 2 9 4 9 2 4 6 4 9 1 7 8 9 8 1 6 4 1 1 3 
8 3 5 9 1 9 5 3 9 3 9 2 9 9 3   5 7 7 2 6 5 2 3 4 
2 6 9 6 8 2 5 4 7 6 1 4 2 2 2 6 4 5 1 7 6 6 2 5 1 
4 4 9 7 9 4 9 5 2 9 4 9 2 2 9 3 2 5 6 6 9 1 3 4 7 
1 2 8 6 3 2 6 8 6 9 8 2 5 5 3   8 9 5 3 7 7 1 4 7 
8 6 2 6 5 2 6 5 2 9 4 6 3 6 7 1 4 2 8 2 3 1 1 7 1 
7 2 8 2 2 9 8 9 8 4 2 9 7 3 8 3 4 7 4 6 4 6 6 1 4 
7 4 8 3 7 2 8 5 7 2 7 7 1 6 5 4 7 6 3 5 6 9 5 9 8 

Step 48:
9   8 7 2 9 3 5 8   6 3 8   7   6 6 7 6 8 6 3 8 2 
    7   2   6   3 6 7 5     2 3 3 6 8 7 2 9 4 2 4 
2 6 3 6 9 9 6   4 7 8 5   2 4 5 3 2 6 3 9 9 4 3 1 
  4 7   5   6 * 4   1 4 7   2   5 1 3 3 4 1 3 5 1 
2 4 8 5 4     6 4   5 2   2 4 6 4 2 9 8 6 1 5 3 1 
3 5 6 2 2 6 2 2 9 2 5 1 9   6 1 4 6 9 4 1 5 2 1 4 
2 7 9 4 7 9   8 8   4 2 5 7 3 8 5 6 3 4 9 3 4 4 6 
9   7   3 9 3 9 9 7 6 5 8   2   5 4 7 5 3 5 3 4 8 
6 4 5   9 9 6 4 9 6 9 2 8 3 8 6 4 9 3 3 4 1 5 8 1 
1 7 4 8 4 7 5 7 7 8 4 5   7 3   1 7 1 7 2 7 2 8 4 
9 6 7 9 3   4   2 4 4 9   9 7   3 6 7 6 5 4 3 1 2 
7 5 1 6 7 8 6   1 1 2 2 1 2 7   3 5 9 6 8 9 8 8 6 
1 3 4 8 3 4   6 9 5 9 9 3 9 3 4 6 7 6 4 2 4 3 4 2 
8 2 2 6 7 8 2 2 8 7 3 3   9 5   4 1 4 8 8 8 3 2 3 
4 8 6   3 7   1 4 5 1 1 5 9 6 8 5 3 7 1 2 5 2 5 5 
2 1 9 2 5 9 5 7 8 5 2 7 1 2 3   2 7 5 4 5 3 8 1 6 
4 7 5   8 4 8 1 7 4 4 2 2 7 5 6 2 7 8 3 2 1 8 5 4 
9 4 9 5 7 2 9 4 9 2 4 6 4 9 1 7 8 9 8 1 6 4 1 1 3 
8 3 5 9 1 9 5 3 9 3 9 2 9 9 3   5 7 7 2 6 5 2 3 4 
2 6 9 6 8 2 5 4 7 6 1 4 2 2 2 6 4 5 1 7 6 6 2 5 1 
4 4 9 7 9 4 9 5 2 9 4 9 2 2 9 3 2 5 6 6 9 1 3 4 7 
1 2 8 6 3 2 6 8 6 9 8 2 5 5 3   8 9 5 3 7 7 1 4 7 
8 6 2 6 5 2 6 5 2 9 4 6 3 6 7 1 4 2 8 2 3 1 1 7 1 
7 2 8 2 2 9 8 9 8 4 2 9 7 3 8 3 4 7 4 6 4 6 6 1 4 
7 4 8 3 7 2 8 5 7 2 7 7 1 6 5 4 7 6 3 5 6 9 5 9 8 

Step 49:
9   8 7 2 9 3 5 8   6 3 8   7   6 6 7 6 8 6 3 8 2 
    7   2   6   3 6 7 5     2 3 3 6 8 7 2 9 4 2 4 
2 6 3 6 9 9 6   4 7 8 5   2 4 5 3 2 6 3 9 9 4 3 1 
  4 7   5   6   4   1 4 7   2   5 1 3 3 4 1 3 5 1 
2 4 8 5 4     6 4   5 2   2 4 6 4 2 9 8 6 1 5 3 1 
3 5 6 2 2 6 2 2 9 2 5 1 9   6 1 4 6 9 4 1 5 2 1 4 
2 7 9 4 7 9   8 8   4 2 5 7 3 8 5 6 3 4 9 3 4 4 6 
9   7   3 9 3 9 9 7 6 5 8   2   5 4 7 5 3 5 3 4 8 
6 4 5   9 9 6 4 9 6 9 2 8 3 8 6 4 9 3 3 4 1 5 8 1 
1 7 4 8 4 7 5 * 7 8 4 5   7 3   1 7 1 7 2 7 2 8 4 
9 6 7 9 3   4   2 4 4 9   9 7   3 6 7 6 5 4 3 1 2 
7 5 1 6 7 8 6   1 1 2 2 1 2 7   3 5 9 6 8 9 8 8 6 
1 3 4 8 3 4   6 9 5 9 9 3 9 3 4 6 7 6 4 2 4 3 4 2 
8 2 2 6 7 8 2 2 8 7 3 3   9 5   4 1 4 8 8 8 3 2 3 
4 8 6   3 7   1 4 5 1 1 5 9 6 8 5 3 7 1 2 5 2 5 5 
2 1 9 2 5 9 5 7 8 5 2 7 1 2 3   2 7 5 4 5 3 8 1 6 
4 7 5   8 4 8 1 7 4 4 2 2 7 5 6 2 7 8 3 2 1 8 5 4 
9 4 9 5 7 2 9 4 9 2 4 6 4 9 1 7 8 9 8 1 6 4 1 1 3 
8 3 5 9 1 9 5 3 9 3 9 2 9 9 3   5 7 7 2 6 5 2 3 4 
2 6 9 6 8 2 5 4 7 6 1 4 2 2 2 6 4 5 1 7 6 6 2 5 1 
4 4 9 7 9 4 9 5 2 9 4 9 2 2 9 3 2 5 6 6 9 1 3 4 7 
1 2 8 6 3 2 6 8 6 9 8 2 5 5 3   8 9 5 3 7 7 1 4 7 
8 6 2 6 5 2 6 5 2 9 4 6 3 6 7 1 4 2 8 2 3 1 1 7 1 
7 2 8 2 2 9 8 9 8 4 2 9 7 3 8 3 4 7 4 6 4 6 6 1 4 
7 4 8 3 7 2 8 5 7 2 7 7 1 6 5 4 7 6 3 5 6 9 5 9 8 

Step 50:
9   8 7 2 9 3 5 8   6 3 8   7   6 6 7 6 8 6 3 8 2 
    7   2   6   3 6 7 5     2 3 3 6 8 7 2 9 4 2 4 
2 6 3 6 9 9 6   4 7 8 5   2 4 5 3 2 6 3 9 9 4 3 1 
  4 7   5   6   4   1 4 7   2   5 1 3 3 4 1 3 5 1 
2 4 8 5 4     6 4   5 2   2 4 6 4 2 9 8 6 1 5 3 1 
3 5 6 2 2 6 2 * 9 2 5 1 9   6 1 4 6 9 4 1 5 2 1 4 
2 7 9 4 7 9   8 8   4 2 5 7 3 8 5 6 3 4 9 3 4 4 6 
9   7   3 9 3 9 9 7 6 5 8   2   5 4 7 5 3 5 3 4 8 
6 4 5   9 9 6 4 9 6 9 2 8 3 8 6 4 9 3 3 4 1 5 8 1 
1 7 4 8 4 7 5   7 8 4 5   7 3   1 7 1 7 2 7 2 8 4 
9 6 7 9 3   4   2 4 4 9   9 7   3 6 7 6 5 4 3 1 2 
7 5 1 6 7 8 6   1 1 2 2 1 2 7   3 5 9 6 8 9 8 8 6 
1 3 4 8 3 4   6 9 5 9 9 3 9 3 4 6 7 6 4 2 4 3 4 2 
8 2 2 6 7 8 2 2 8 7 3 3   9 5   4 1 4 8 8 8 3 2 3 
4 8 6   3 7   1 4 5 1 1 5 9 6 8 5 3 7 1 2 5 2 5 5 
2 1 9 2 5 9 5 7 8 5 2 7 1 2 3   2 7 5 4 5 3 8 1 6 
4 7 5   8 4 8 1 7 4 4 2 2 7 5 6 2 7 8 3 2 1 8 5 4 
9 4 9 5 7 2 9 4 9 2 4 6 4 9 1 7 8 9 8 1 6 4 1 1 3 
8 3 5 9 1 9 5 3 9 3 9 2 9 9 3   5 7 7 2 6 5 2 3 4 
2 6 9 6 8 2 5 4 7 6 1 4 2 2 2 6 4 5 1 7 6 6 2 5 1 
4 4 9 7 9 4 9 5 2 9 4 9 2 2 9 3 2 5 6 6 9 1 3 4 7 
1 2 8 6 3 2 6 8 6 9 8 2 5 5 3   8 9 5 3 7 7 1 4 7 
8 6 2 6 5 2 6 5 2 9 4 6 3 6 7 1 4 2 8 2 3 1 1 7 1 
7 2 8 2 2 9 8 9 8 4 2 9 7 3 8 3 4 7 4 6 4 6 6 1 4 
7 4 8 3 7 2 8 5 7 2 7 7 1 6 5 4 7 6 3 5 6 9 5 9 8 

Step 51:
9   8 7 2 9 3 5 8   6 3 8   7   6 6 7 6 8 6 3 8 2 
    7   2   6   3 6 7 5     2 3 3 6 8 7 2 9 4 2 4 
2 6 3 6 9 9 6   4 7 8 5   2 4 5 3 2 6 3 9 9 4 3 1 
  4 7   5   6   4   1 4 7   2   5 1 3 3 4 1 3 5 1 
2 4 8 5 4     6 4   5 2   2 4 6 4 2 9 8 6 1 5 3 1 
3 5 6 2 2 6 2   9 2 5 1 9   6 1 4 6 9 4 1 5 2 1 4 
2 7 9 4 7 9   8 8   4 2 5 7 3 8 5 6 3 4 9 3 4 4 6 
9   7   3 9 3 9 9 7 6 5 8   2   5 4 7 5 3 5 3 4 8 
6 4 5   9 9 6 4 9 6 9 2 8 3 8 6 4 9 3 3 4 1 5 8 1 
1 7 4 8 4 7 5   7 8 4 5   7 3   1 7 1 7 2 7 2 8 4 
9 6 7 9 3   4   2 4 4 9   9 7   3 6 7 6 5 4 3 1 2 
7 5 1 6 7 8 6   1 1 2 2 1 2 7   3 5 9 6 8 9 8 8 6 
1 3 4 8 3 4   6 9 5 9 9 3 9 3 4 6 7 6 4 2 4 3 4 2 
8 2 2 6 7 8 2 * 8 7 3 3   9 5   4 1 4 8 8 8 3 2 3 
4 8 6   3 7   1 4 5 1 1 5 9 6 8 5 3 7 1 2 5 2 5 5 
2 1 9 2 5 9 5 7 8 5 2 7 1 2 3   2 7 5 4 5 3 8 1 6 
4 7 5   8 4 8 1 7 4 4 2 2 7 5 6 2 7 8 3 2 1 8 5 4 
9 4 9 5 7 2 9 4 9 2 4 6 4 9 1 7 8 9 8 1 6 4 1 1 3 
8 3 5 9 1 9 5 3 9 3 9 2 9 9 3   5 7 7 2 6 5 2 3 4 
2 6 9 6 8 2 5 4 7 6 1 4 2 2 2 6 4 5 1 7 6 6 2 5 1 
4 4 9 7 9 4 9 5 2 9 4 9 2 2 9 3 2 5 6 6 9 1 3 4 7 
1 2 8 6 3 2 6 8 6 9 8 2 5 5 3   8 9 5 3 7 7 1 4 7 
8 6 2 6 5 2 6 5 2 9 4 6 3 6 7 1 4 2 8 2 3 1 1 7 1 
7 2 8 2 2 9 8 9 8 4 2 9 7 3 8 3 4 7 4 6 4 6 6 1 4 
7 4 8 3 7 2 8 5 7 2 7 7 1 6 5 4 7 6 3 5 6 9 5 9 8 

Step 52:
9   8 7 2 9 3 5 8   6 3 8   7   6 6 7 6 8 6 3 8 2 
    7   2   6   3 6 7 5     2 3 3 6 8 7 2 9 4 2 4 
2 6 3 6 9 9 6   4 7 8 5   2 4 5 3 2 6 3 9 9 4 3 1 
  4 7   5   6   4   1 4 7   2   5 1 3 3 4 1 3 5 1 
2 4 8 5 4     6 4   5 2   2 4 6 4 2 9 8 6 1 5 3 1 
3 5 6 2 2 6 2   9 2 5 1 9   6 1 4 6 9 4 1 5 2 1 4 
2 7 9 4 7 9   8 8   4 2 5 7 3 8 5 6 3 4 9 3 4 4 6 
9   7   3 9 3 * 9 7 6 5 8   2   5 4 7 5 3 5 3 4 8 
6 4 5   9 9 6 4 9 6 9 2 8 3 8 6 4 9 3 3 4 1 5 8 1 
1 7 4 8 4 7 5   7 8 4 5   7 3   1 7 1 7 2 7 2 8 4 
9 6 7 9 3   4   2 4 4 9   9 7   3 6 7 6 5 4 3 1 2 
7 5 1 6 7 8 6   1 1 2 2 1 2 7   3 5 9 6 8 9 8 8 6 
1 3 4 8 3 4   6 9 5 9 9 3 9 3 4 6 7 6 4 2 4 3 4 2 
8 2 2 6 7 8 2   8 7 3 3   9 5   4 1 4 8 8 8 3 2 3 
4 8 6   3 7   1 4 5 1 1 5 9 6 8 5 3 7 1 2 5 2 5 5 
2 1 9 2 5 9 5 7 8 5 2 7 1 2 3   2 7 5 4 5 3 8 1 6 
4 7 5   8 4 8 1 7 4 4 2 2 7 5 6 2 7 8 3 2 1 8 5 4 
9 4 9 5 7 2 9 4 9 2 4 6 4 9 1 7 8 9 8 1 6 4 1 1 3 
8 3 5 9 1 9 5 3 9 3 9 2 9 9 3   5 7 7 2 6 5 2 3 4 
2 6 9 6 8 2 5 4 7 6 1 4 2 2 2 6 4 5 1 7 6 6 2 5 1 
4 4 9 7 9 4 9 5 2 9 4 9 2 2 9 3 2 5 6 6 9 1 3 4 7 
1 2 8 6 3 2 6 8 6 9 8 2 5 5 3   8 9 5 3 7 7 1 4 7 
8 6 2 6 5 2 6 5 2 9 4 6 3 6 7 1 4 2 8 2 3 1 1 7 1 
7 2 8 2 2 9 8 9 8 4 2 9 7 3 8 3 4 7 4 6 4 6 6 1 4 
7 4 8 3 7 2 8 5 7 2 7 7 1 6 5 4 7 6 3 5 6 9 5 9 8 

Step 53:
9   8 7 2 9 3 5 8   6 3 8   7   6 6 7 6 8 6 3 8 2 
    7   2   6   3 6 7 5     2 3 3 6 8 7 2 9 4 2 4 
2 6 3 6 9 9 6   4 7 8 5   2 4 5 3 2 6 3 9 9 4 3 1 
  4 7   5   6   4   1 4 7   2   5 1 3 3 4 1 3 5 1 
2 4 8 5 4     6 4   5 2   2 4 6 4 2 9 8 6 1 5 3 1 
3 5 6 2 2 6 2   9 2 5 1 9   6 1 4 6 9 4 1 5 2 1 4 
2 7 9 4 7 9   8 8   4 2 5 7 3 8 5 6 3 4 9 3 4 4 6 
9   7   * 9 3   9 7 6 5 8   2   5 4 7 5 3 5 3 4 8 
6 4 5   9 9 6 4 9 6 9 2 8 3 8 6 4 9 3 3 4 1 5 8 1 
1 7 4 8 4 7 5   7 8 4 5   7 3   1 7 1 7 2 7 2 8 4 
9 6 7 9 3   4   2 4 4 9   9 7   3 6 7 6 5 4 3 1 2 
7 5 1 6 7 8 6   1 1 2 2 1 2 7   3 5 9 6 8 9 8 8 6 
1 3 4 8 3 4   6 9 5 9 9 3 9 3 4 6 7 6 4 2 4 3 4 2 
8 2 2 6 7 8 2   8 7 3 3   9 5   4 1 4 8 8 8 3 2 3 
4 8 6   3 7   1 4 5 1 1 5 9 6 8 5 3 7 1 2 5 2 5 5 
2 1 9 2 5 9 5 7 8 5 2 7 1 2 3   2 7 5 4 5 3 8 1 6 
4 7 5   8 4 8 1 7 4 4 2 2 7 5 6 2 7 8 3 2 1 8 5 4 
9 4 9 5 7 2 9 4 9 2 4 6 4 9 1 7 8 9 8 1 6 4 1 1 3 
8 3 5 9 1 9 5 3 9 3 9 2 9 9 3   5 7 7 2 6 5 2 3 4 
2 6 9 6 8 2 5 4 7 6 1 4 2 2 2 6 4 5 1 7 6 6 2 5 1 
4 4 9 7 9 4 9 5 2 9 4 9 2 2 9 3 2 5 6 6 9 1 3 4 7 
1 2 8 6 3 2 6 8 6 9 8 2 5 5 3   8 9 5 3 7 7 1 4 7 
8 6 2 6 5 2 6 5 2 9 4 6 3 6 7 1 4 2 8 2 3 1 1 7 1 
7 2 8 2 2 9 8 9 8 4 2 9 7 3 8 3 4 7 4 6 4 6 6 1 4 
7 4 8 3 7 2 8 5 7 2 7 7 1 6 5 4 7 6 3 5 6 9 5 9 8 

Step 54:
9   8 7 * 9 3 5 8   6 3 8   7   6 6 7 6 8 6 3 8 2 
    7   2   6   3 6 7 5     2 3 3 6 8 7 2 9 4 2 4 
2 6 3 6 9 9 6   4 7 8 5   2 4 5 3 2 6 3 9 9 4 3 1 
  4 7   5   6   4   1 4 7   2   5 1 3 3 4 1 3 5 1 
2 4 8 5 4     6 4   5 2   2 4 6 4 2 9 8 6 1 5 3 1 
3 5 6 2 2 6 2   9 2 5 1 9   6 1 4 6 9 4 1 5 2 1 4 
2 7 9 4 7 9   8 8   4 2 5 7 3 8 5 6 3 4 9 3 4 4 6 
9   7     9 3   9 7 6 5 8   2   5 4 7 5 3 5 3 4 8 
6 4 5   9 9 6 4 9 6 9 2 8 3 8 6 4 9 3 3 4 1 5 8 1 
1 7 4 8 4 7 5   7 8 4 5   7 3   1 7 1 7 2 7 2 8 4 
9 6 7 9 3   4   2 4 4 9   9 7   3 6 7 6 5 4 3 1 2 
7 5 1 6 7 8 6   1 1 2 2 1 2 7   3 5 9 6 8 9 8 8 6 
1 3 4 8 3 4   6 9 5 9 9 3 9 3 4 6 7 6 4 2 4 3 4 2 
8 2 2 6 7 8 2   8 7 3 3   9 5   4 1 4 8 8 8 3 2 3 
4 8 6   3 7   1 4 5 1 1 5 9 6 8 5 3 7 1 2 5 2 5 5 
2 1 9 2 5 9 5 7 8 5 2 7 1 2 3   2 7 5 4 5 3 8 1 6 
4 7 5   8 4 8 1 7 4 4 2 2 7 5 6 2 7 8 3 2 1 8 5 4 
9 4 9 5 7 2 9 4 9 2 4 6 4 9 1 7 8 9 8 1 6 4 1 1 3 
8 3 5 9 1 9 5 3 9 3 9 2 9 9 3   5 7 7 2 6 5 2 3 4 
2 6 9 6 8 2 5 4 7 6 1 4 2 2 2 6 4 5 1 7 6 6 2 5 1 
4 4 9 7 9 4 9 5 2 9 4 9 2 2 9 3 2 5 6 6 9 1 3 4 7 
1 2 8 6 3 2 6 8 6 9 8 2 5 5 3   8 9 5 3 7 7 1 4 7 
8 6 2 6 5 2 6 5 2 9 4 6 3 6 7 1 4 2 8 2 3 1 1 7 1 
7 2 8 2 2 9 8 9 8 4 2 9 7 3 8 3 4 7 4 6 4 6 6 1 4 
7 4 8 3 7 2 8 5 7 2 7 7 1 6 5 4 7 6 3 5 6 9 5 9 8 

Step 55:
9   8 7   9 3 5 8   6 3 8   7   6 6 7 6 8 6 3 8 2 
    7   2   6   3 6 7 5     2 3 3 6 8 7 2 9 4 2 4 
2 6 3 6 * 9 6   4 7 8 5   2 4 5 3 2 6 3 9 9 4 3 1 
  4 7   5   6   4   1 4 7   2   5 1 3 3 4 1 3 5 1 
2 4 8 5 4     6 4   5 2   2 4 6 4 2 9 8 6 1 5 3 1 
3 5 6 2 2 6 2   9 2 5 1 9   6 1 4 6 9 4 1 5 2 1 4 
2 7 9 4 7 9   8 8   4 2 5 7 3 8 5 6 3 4 9 3 4 4 6 
9   7     9 3   9 7 6 5 8   2   5 4 7 5 3 5 3 4 8 
6 4 5   9 9 6 4 9 6 9 2 8 3 8 6 4 9 3 3 4 1 5 8 1 
1 7 4 8 4 7 5   7 8 4 5   7 3   1 7 1 7 2 7 2 8 4 
9 6 7 9 3   4   2 4 4 9   9 7   3 6 7 6 5 4 3 1 2 
7 5 1 6 7 8 6   1 1 2 2 1 2 7   3 5 9 6 8 9 8 8 6 
1 3 4 8 3 4   6 9 5 9 9 3 9 3 4 6 7 6 4 2 4 3 4 2 
8 2 2 6 7 8 2   8 7 3 3   9 5   4 1 4 8 8 8 3 2 3 
4 8 6   3 7   1 4 5 1 1 5 9 6 8 5 3 7 1 2 5 2 5 5 
2 1 9 2 5 9 5 7 8 5 2 7 1 2 3   2 7 5 4 5 3 8 1 6 
4 7 5   8 4 8 1 7 4 4 2 2 7 5 6 2 7 8 3 2 1 8 5 4 
9 4 9 5 7 2 9 4 9 2 4 6 4 9 1 7 8 9 8 1 6 4 1 1 3 
8 3 5 9 1 9 5 3 9 3 9 2 9 9 3   5 7 7 2 6 5 2 3 4 
2 6 9 6 8 2 5 4 7 6 1 4 2 2 2 6 4 5 1 7 6 6 2 5 1 
4 4 9 7 9 4 9 5 2 9 4 9 2 2 9 3 2 5 6 6 9 1 3 4 7 
1 2 8 6 3 2 6 8 6 9 8 2 5 5 3   8 9 5 3 7 7 1 4 7 
8 6 2 6 5 2 6 5 2 9 4 6 3 6 7 1 4 2 8 2 3 1 1 7 1 
7 2 8 2 2 9 8 9 8 4 2 9 7 3 8 3 4 7 4 6 4 6 6 1 4 
7 4 8 3 7 2 8 5 7 2 7 7 1 6 5 4 7 6 3 5 6 9 5 9 8 

Step 56:
9   8 7   9 3 5 8   6 3 8   7   6 6 7 6 8 6 3 8 2 
    7   2   6   3 6 7 5     2 3 3 6 8 7 2 9 4 2 4 
2 6 3 6   9 6   4 7 8 5   * 4 5 3 2 6 3 9 9 4 3 1 
  4 7   5   6   4   1 4 7   2   5 1 3 3 4 1 3 5 1 
2 4 8 5 4     6 4   5 2   2 4 6 4 2 9 8 6 1 5 3 1 
3 5 6 2 2 6 2   9 2 5 1 9   6 1 4 6 9 4 1 5 2 1 4 
2 7 9 4 7 9   8 8   4 2 5 7 3 8 5 6 3 4 9 3 4 4 6 
9   7     9 3   9 7 6 5 8   2   5 4 7 5 3 5 3 4 8 
6 4 5   9 9 6 4 9 6 9 2 8 3 8 6 4 9 3 3 4 1 5 8 1 
1 7 4 8 4 7 5   7 8 4 5   7 3   1 7 1 7 2 7 2 8 4 
9 6 7 9 3   4   2 4 4 9   9 7   3 6 7 6 5 4 3 1 2 
7 5 1 6 7 8 6   1 1 2 2 1 2 7   3 5 9 6 8 9 8 8 6 
1 3 4 8 3 4   6 9 5 9 9 3 9 3 4 6 7 6 4 2 4 3 4 2 
8 2 2 6 7 8 2   8 7 3 3   9 5   4 1 4 8 8 8 3 2 3 
4 8 6   3 7   1 4 5 1 1 5 9 6 8 5 3 7 1 2 5 2 5 5 
2 1 9 2 5 9 5 7 8 5 2 7 1 2 3   2 7 5 4 5 3 8 1 6 
4 7 5   8 4 8 1 7 4 4 2 2 7 5 6 2 7 8 3 2 1 8 5 4 
9 4 9 5 7 2 9 4 9 2 4 6 4 9 1 7 8 9 8 1 6 4 1 1 3 
8 3 5 9 1 9 5 3 9 3 9 2 9 9 3   5 7 7 2 6 5 2 3 4 
2 6 9 6 8 2 5 4 7 6 1 4 2 2 2 6 4 5 1 7 6 6 2 5 1 
4 4 9 7 9 4 9 5 2 9 4 9 2 2 9 3 2 5 6 6 9 1 3 4 7 
1 2 8 6 3 2 6 8 6 9 8 2 5 5 3   8 9 5 3 7 7 1 4 7 
8 6 2 6 5 2 6 5 2 9 4 6 3 6 7 1 4 2 8 2 3 1 1 7 1 
7 2 8 2 2 9 8 9 8 4 2 9 7 3 8 3 4 7 4 6 4 6 6 1 4 
7 4 8 3 7 2 8 5 7 2 7 7 1 6 5 4 7 6 3 5 6 9 5 9 8 

Step 57:
9   8 7   9 3 5 8   6 3 8   7   6 6 7 6 8 6 3 8 2 
    7   2   6   3 6 7 5     2 3 3 6 8 7 2 9 4 2 4 
2 6 3 6   9 6   4 7 8 5     4 5 3 * 6 3 9 9 4 3 1 
  4 7   5   6   4   1 4 7   2   5 1 3 3 4 1 3 5 1 
2 4 8 5 4     6 4   5 2   2 4 6 4 2 9 8 6 1 5 3 1 
3 5 6 2 2 6 2   9 2 5 1 9   6 1 4 6 9 4 1 5 2 1 4 
2 7 9 4 7 9   8 8   4 2 5 7 3 8 5 6 3 4 9 3 4 4 6 
9   7     9 3   9 7 6 5 8   2   5 4 7 5 3 5 3 4 8 
6 4 5   9 9 6 4 9 6 9 2 8 3 8 6 4 9 3 3 4 1 5 8 1 
1 7 4 8 4 7 5   7 8 4 5   7 3   1 7 1 7 2 7 2 8 4 
9 6 7 9 3   4   2 4 4 9   9 7   3 6 7 6 5 4 3 1 2 
7 5 1 6 7 8 6   1 1 2 2 1 2 7   3 5 9 6 8 9 8 8 6 
1 3 4 8 3 4   6 9 5 9 9 3 9 3 4 6 7 6 4 2 4 3 4 2 
8 2 2 6 7 8 2   8 7 3 3   9 5   4 1 4 8 8 8 3 2 3 
4 8 6   3 7   1 4 5 1 1 5 9 6 8 5 3 7 1 2 5 2 5 5 
2 1 9 2 5 9 5 7 8 5 2 7 1 2 3   2 7 5 4 5 3 8 1 6 
4 7 5   8 4 8 1 7 4 4 2 2 7 5 6 2 7 8 3 2 1 8 5 4 
9 4 9 5 7 2 9 4 9 2 4 6 4 9 1 7 8 9 8 1 6 4 1 1 3 
8 3 5 9 1 9 5 3 9 3 9 2 9 9 3   5 7 7 2 6 5 2 3 4 
2 6 9 6 8 2 5 4 7 6 1 4 2 2 2 6 4 5 1 7 6 6 2 5 1 
4 4 9 7 9 4 9 5 2 9 4 9 2 2 9 3 2 5 6 6 9 1 3 4 7 
1 2 8 6 3 2 6 8 6 9 8 2 5 5 3   8 9 5 3 7 7 1 4 7 
8 6 2 6 5 2 6 5 2 9 4 6 3 6 7 1 4 2 8 2 3 1 1 7 1 
7 2 8 2 2 9 8 9 8 4 2 9 7 3 8 3 4 7 4 6 4 6 6 1 4 
7 4 8 3 7 2 8 5 7 2 7 7 1 6 5 4 7 6 3 5 6 9 5 9 8 

Step 58:
9   8 7   9 3 5 8   6 3 8   7   6 6 7 6 8 6 3 8 2 
    7   2   6   3 6 7 5     2 3 3 6 8 7 2 9 4 2 4 
2 6 3 6   9 6   4 7 8 5     4 5 3   6 3 9 9 4 3 1 
  4 7   5   6   4   1 4 7   2   5 * 3 3 4 1 3 5 1 
2 4 8 5 4     6 4   5 2   2 4 6 4 2 9 8 6 1 5 3 1 
3 5 6 2 2 6 2   9 2 5 1 9   6 1 4 6 9 4 1 5 2 1 4 
2 7 9 4 7 9   8 8   4 2 5 7 3 8 5 6 3 4 9 3 4 4 6 
9   7     9 3   9 7 6 5 8   2   5 4 7 5 3 5 3 4 8 
6 4 5   9 9 6 4 9 6 9 2 8 3 8 6 4 9 3 3 4 1 5 8 1 
1 7 4 8 4 7 5   7 8 4 5   7 3   1 7 1 7 2 7 2 8 4 
9 6 7 9 3   4   2 4 4 9   9 7   3 6 7 6 5 4 3 1 2 
7 5 1 6 7 8 6   1 1 2 2 1 2 7   3 5 9 6 8 9 8 8 6 
1 3 4 8 3 4   6 9 5 9 9 3 9 3 4 6 7 6 4 2 4 3 4 2 
8 2 2 6 7 8 2   8 7 3 3   9 5   4 1 4 8 8 8 3 2 3 
4 8 6   3 7   1 4 5 1 1 5 9 6 8 5 3 7 1 2 5 2 5 5 
2 1 9 2 5 9 5 7 8 5 2 7 1 2 3   2 7 5 4 5 3 8 1 6 
4 7 5   8 4 8 1 7 4 4 2 2 7 5 6 2 7 8 3 2 1 8 5 4 
9 4 9 5 7 2 9 4 9 2 4 6 4 9 1 7 8 9 8 1 6 4 1 1 3 
8 3 5 9 1 9 5 3 9 3 9 2 9 9 3   5 7 7 2 6 5 2 3 4 
2 6 9 6 8 2 5 4 7 6 1 4 2 2 2 6 4 5 1 7 6 6 2 5 1 
4 4 9 7 9 4 9 5 2 9 4 9 2 2 9 3 2 5 6 6 9 1 3 4 7 
1 2 8 6 3 2 6 8 6 9 8 2 5 5 3   8 9 5 3 7 7 1 4 7 
8 6 2 6 5 2 6 5 2 9 4 6 3 6 7 1 4 2 8 2 3 1 1 7 1 
7 2 8 2 2 9 8 9 8 4 2 9 7 3 8 3 4 7 4 6 4 6 6 1 4 
7 4 8 3 7 2 8 5 7 2 7 7 1 6 5 4 7 6 3 5 6 9 5 9 8 

Step 59:
9   8 7   9 3 5 8   6 3 8   7   6 6 7 6 8 6 3 8 2 
    7   2   6   3 6 7 5     2 3 3 6 8 7 2 9 4 2 4 
2 6 3 6   9 6   4 7 8 5     4 5 3   6 3 9 9 4 3 1 
  4 7   5   6   4   1 4 7   2   5   3 3 4 1 3 5 1 
2 4 8 5 4     6 4   5 2   2 4 6 4 2 9 8 6 1 5 3 1 
3 5 6 2 2 6 2   9 2 5 1 9   6 1 4 * 9 4 1 5 2 1 4 
2 7 9 4 7 9   8 8   4 2 5 7 3 8 5 6 3 4 9 3 4 4 6 
9   7     9 3   9 7 6 5 8   2   5 4 7 5 3 5 3 4 8 
6 4 5   9 9 6 4 9 6 9 2 8 3 8 6 4 9 3 3 4 1 5 8 1 
1 7 4 8 4 7 5   7 8 4 5   7 3   1 7 1 7 2 7 2 8 4 
9 6 7 9 3   4   2 4 4 9   9 7   3 6 7 6 5 4 3 1 2 
7 5 1 6 7 8 6   1 1 2 2 1 2 7   3 5 9 6 8 9 8 8 6 
1 3 4 8 3 4   6 9 5 9 9 3 9 3 4 6 7 6 4 2 4 3 4 2 
8 2 2 6 7 8 2   8 7 3 3   9 5   4 1 4 8 8 8 3 2 3 
4 8 6   3 7   1 4 5 1 1 5 9 6 8 5 3 7 1 2 5 2 5 5 
2 1 9 2 5 9 5 7 8 5 2 7 1 2 3   2 7 5 4 5 3 8 1 6 
4 7 5   8 4 8 1 7 4 4 2 2 7 5 6 2 7 8 3 2 1 8 5 4 
9 4 9 5 7 2 9 4 9 2 4 6 4 9 1 7 8 9 8 1 6 4 1 1 3 
8 3 5 9 1 9 5 3 9 3 9 2 9 9 3   5 7 7 2 6 5 2 3 4 
2 6 9 6 8 2 5 4 7 6 1 4 2 2 2 6 4 5 1 7 6 6 2 5 1 
4 4 9 7 9 4 9 5 2 9 4 9 2 2 9 3 2 5 6 6 9 1 3 4 7 
1 2 8 6 3 2 6 8 6 9 8 2 5 5 3   8 9 5 3 7 7 1 4 7 
8 6 2 6 5 2 6 5 2 9 4 6 3 6 7 1 4 2 8 2 3 1 1 7 1 
7 2 8 2 2 9 8 9 8 4 2 9 7 3 8 3 4 7 4 6 4 6 6 1 4 
7 4 8 3 7 2 8 5 7 2 7 7 1 6 5 4 7 6 3 5 6 9 5 9 8 

Step 60:
9   8 7   9 3 5 8   6 3 8   7   6 6 7 6 8 6 3 8 2 
    7   2   6   3 6 7 5     2 3 3 6 8 7 2 9 4 2 4 
2 6 3 6   9 6   4 7 8 5     4 5 3   6 3 9 9 4 3 1 
  4 7   5   6   4   1 4 7   2   5   3 3 4 1 3 5 1 
2 4 8 5 4     6 4   5 2   2 4 6 4 2 9 8 6 1 5 3 1 
3 5 6 2 2 6 2   9 2 5 1 9   6 1 4   9 4 1 5 2 1 4 
2 7 9 4 7 9   8 8   4 2 5 7 3 8 5 6 3 4 9 3 4 4 6 
9   7     9 3   9 7 6 5 8   2   5 4 7 5 3 5 3 4 8 
6 4 5   9 9 6 4 9 6 9 2 8 3 8 6 4 9 3 3 4 1 5 8 1 
1 7 4 8 4 7 5   7 8 4 5   7 3   1 7 1 7 2 7 2 8 4 
9 6 7 9 3   4   2 4 4 9   9 7   3 6 7 6 5 4 3 1 2 
7 5 1 6 7 8 6   1 1 2 2 1 2 7   3 * 9 6 8 9 8 8 6 
1 3 4 8 3 4   6 9 5 9 9 3 9 3 4 6 7 6 4 2 4 3 4 2 
8 2 2 6 7 8 2   8 7 3 3   9 5   4 1 4 8 8 8 3 2 3 
4 8 6   3 7   1 4 5 1 1 5 9 6 8 5 3 7 1 2 5 2 5 5 
2 1 9 2 5 9 5 7 8 5 2 7 1 2 3   2 7 5 4 5 3 8 1 6 
4 7 5   8 4 8 1 7 4 4 2 2 7 5 6 2 7 8 3 2 1 8 5 4 
9 4 9 5 7 2 9 4 9 2 4 6 4 9 1 7 8 9 8 1 6 4 1 1 3 
8 3 5 9 1 9 5 3 9 3 9 2 9 9 3   5 7 7 2 6 5 2 3 4 
2 6 9 6 8 2 5 4 7 6 1 4 2 2 2 6 4 5 1 7 6 6 2 5 1 
4 4 9 7 9 4 9 5 2 9 4 9 2 2 9 3 2 5 6 6 9 1 3 4 7 
1 2 8 6 3 2 6 8 6 9 8 2 5 5 3   8 9 5 3 7 7 1 4 7 
8 6 2 6 5 2 6 5 2 9 4 6 3 6 7 1 4 2 8 2 3 1 1 7 1 
7 2 8 2 2 9 8 9 8 4 2 9 7 3 8 3 4 7 4 6 4 6 6 1 4 
7 4 8 3 7 2 8 5 7 2 7 7 1 6 5 4 7 6 3 5 6 9 5 9 8 

Step 61:
9   8 7   9 3 5 8   6 3 8   7   6 6 7 6 8 6 3 8 2 
    7   2   6   3 6 7 5     2 3 3 6 8 7 2 9 4 2 4 
2 6 3 6   9 6   4 7 8 5     4 5 3   6 3 9 9 4 3 1 
  4 7   5   6   4   1 4 7   2   5   3 3 4 1 3 5 1 
2 4 8 5 4     6 4   5 2   2 4 6 4 2 9 8 6 1 5 3 1 
3 5 6 2 2 6 2   9 2 5 1 9   6 1 4   9 4 1 5 2 1 4 
2 7 9 4 7 9   8 8   4 2 5 7 3 8 5 6 3 4 9 3 4 4 6 
9   7     9 3   9 7 6 5 8   2   5 4 7 5 3 5 3 4 8 
6 4 5   9 9 6 4 9 6 9 2 8 3 8 6 4 9 3 3 4 1 5 8 1 
1 7 4 8 4 7 5   7 8 4 5   7 3   1 7 1 7 2 7 2 8 4 
9 6 7 9 3   4   2 4 4 9   9 7   3 6 7 6 5 4 3 1 2 
7 5 1 6 7 8 6   1 1 2 2 1 2 7   3   9 6 8 9 8 8 6 
1 3 4 8 3 4   6 9 5 9 9 3 9 3 4 6 7 6 4 2 4 3 4 2 
8 2 2 6 7 8 2   8 7 3 3   9 5   4 1 4 8 8 8 3 2 3 
4 8 6   3 7   1 4 5 1 1 5 9 6 8 5 3 7 1 2 5 2 5 5 
2 1 9 2 5 9 5 7 8 5 2 7 1 2 3   2 7 5 4 5 3 8 1 6 
4 7 5   8 4 8 1 7 4 4 2 2 7 5 6 2 7 8 3 2 1 8 5 4 
9 4 9 5 7 2 9 4 9 2 4 6 4 9 1 7 8 9 8 1 6 4 1 1 3 
8 3 5 9 1 9 5 3 9 3 9 2 9 9 3   5 * 7 2 6 5 2 3 4 
2 6 9 6 8 2 5 4 7 6 1 4 2 2 2 6 4 5 1 7 6 6 2 5 1 
4 4 9 7 9 4 9 5 2 9 4 9 2 2 9 3 2 5 6 6 9 1 3 4 7 
1 2 8 6 3 2 6 8 6 9 8 2 5 5 3   8 9 5 3 7 7 1 4 7 
8 6 2 6 5 2 6 5 2 9 4 6 3 6 7 1 4 2 8 2 3 1 1 7 1 
7 2 8 2 2 9 8 9 8 4 2 9 7 3 8 3 4 7 4 6 4 6 6 1 4 
7 4 8 3 7 2 8 5 7 2 7 7 1 6 5 4 7 6 3 5 6 9 5 9 8 

Step 62:
9   8 7   9 3 5 8   6 3 8   7   6 6 7 6 8 6 3 8 2 
    7   2   6   3 6 7 5     2 3 3 6 8 7 2 9 4 2 4 
2 6 3 6   9 6   4 7 8 5     4 5 3   6 3 9 9 4 3 1 
  4 7   5   6   4   1 4 7   2   5   3 3 4 1 3 5 1 
2 4 8 5 4     6 4   5 2   2 4 6 4 2 9 8 6 1 5 3 1 
3 5 6 2 2 6 2   9 2 5 1 9   6 1 4   9 4 1 5 2 1 4 
2 7 9 4 7 9   8 8   4 2 5 7 3 8 5 6 3 4 9 3 4 4 6 
9   7     9 3   9 7 6 5 8   2   5 4 7 5 3 5 3 4 8 
6 4 5   9 9 6 4 9 6 9 2 8 3 8 6 4 9 3 3 4 1 5 8 1 
1 7 4 8 4 7 5   7 8 4 5   7 3   1 * 1 7 2 7 2 8 4 
9 6 7 9 3   4   2 4 4 9   9 7   3 6 7 6 5 4 3 1 2 
7 5 1 6 7 8 6   1 1 2 2 1 2 7   3   9 6 8 9 8 8 6 
1 3 4 8 3 4   6 9 5 9 9 3 9 3 4 6 7 6 4 2 4 3 4 2 
8 2 2 6 7 8 2   8 7 3 3   9 5   4 1 4 8 8 8 3 2 3 
4 8 6   3 7   1 4 5 1 1 5 9 6 8 5 3 7 1 2 5 2 5 5 
2 1 9 2 5 9 5 7 8 5 2 7 1 2 3   2 7 5 4 5 3 8 1 6 
4 7 5   8 4 8 1 7 4 4 2 2 7 5 6 2 7 8 3 2 1 8 5 4 
9 4 9 5 7 2 9 4 9 2 4 6 4 9 1 7 8 9 8 1 6 4 1 1 3 
8 3 5 9 1 9 5 3 9 3 9 2 9 9 3   5   7 2 6 5 2 3 4 
2 6 9 6 8 2 5 4 7 6 1 4 2 2 2 6 4 5 1 7 6 6 2 5 1 
4 4 9 7 9 4 9 5 2 9 4 9 2 2 9 3 2 5 6 6 9 1 3 4 7 
1 2 8 6 3 2 6 8 6 9 8 2 5 5 3   8 9 5 3 7 7 1 4 7 
8 6 2 6 5 2 6 5 2 9 4 6 3 6 7 1 4 2 8 2 3 1 1 7 1 
7 2 8 2 2 9 8 9 8 4 2 9 7 3 8 3 4 7 4 6 4 6 6 1 4 
7 4 8 3 7 2 8 5 7 2 7 7 1 6 5 4 7 6 3 5 6 9 5 9 8 

Step 63:
9   8 7   9 3 5 8   6 3 8   7   6 * 7 6 8 6 3 8 2 
    7   2   6   3 6 7 5     2 3 3 6 8 7 2 9 4 2 4 
2 6 3 6   9 6   4 7 8 5     4 5 3   6 3 9 9 4 3 1 
  4 7   5   6   4   1 4 7   2   5   3 3 4 1 3 5 1 
2 4 8 5 4     6 4   5 2   2 4 6 4 2 9 8 6 1 5 3 1 
3 5 6 2 2 6 2   9 2 5 1 9   6 1 4   9 4 1 5 2 1 4 
2 7 9 4 7 9   8 8   4 2 5 7 3 8 5 6 3 4 9 3 4 4 6 
9   7     9 3   9 7 6 5 8   2   5 4 7 5 3 5 3 4 8 
6 4 5   9 9 6 4 9 6 9 2 8 3 8 6 4 9 3 3 4 1 5 8 1 
1 7 4 8 4 7 5   7 8 4 5   7 3   1   1 7 2 7 2 8 4 
9 6 7 9 3   4   2 4 4 9   9 7   3 6 7 6 5 4 3 1 2 
7 5 1 6 7 8 6   1 1 2 2 1 2 7   3   9 6 8 9 8 8 6 
1 3 4 8 3 4   6 9 5 9 9 3 9 3 4 6 7 6 4 2 4 3 4 2 
8 2 2 6 7 8 2   8 7 3 3   9 5   4 1 4 8 8 8 3 2 3 
4 8 6   3 7   1 4 5 1 1 5 9 6 8 5 3 7 1 2 5 2 5 5 
2 1 9 2 5 9 5 7 8 5 2 7 1 2 3   2 7 5 4 5 3 8 1 6 
4 7 5   8 4 8 1 7 4 4 2 2 7 5 6 2 7 8 3 2 1 8 5 4 
9 4 9 5 7 2 9 4 9 2 4 6 4 9 1 7 8 9 8 1 6 4 1 1 3 
8 3 5 9 1 9 5 3 9 3 9 2 9 9 3   5   7 2 6 5 2 3 4 
2 6 9 6 8 2 5 4 7 6 1 4 2 2 2 6 4 5 1 7 6 6 2 5 1 
4 4 9 7 9 4 9 5 2 9 4 9 2 2 9 3 2 5 6 6 9 1 3 4 7 
1 2 8 6 3 2 6 8 6 9 8 2 5 5 3   8 9 5 3 7 7 1 4 7 
8 6 2 6 5 2 6 5 2 9 4 6 3 6 7 1 4 2 8 2 3 1 1 7 1 
7 2 8 2 2 9 8 9 8 4 2 9 7 3 8 3 4 7 4 6 4 6 6 1 4 
7 4 8 3 7 2 8 5 7 2 7 7 1 6 5 4 7 6 3 5 6 9 5 9 8 

Step 64:
9   8 7   9 3 5 8   6 3 8   7   6   7 6 8 6 3 8 2 
    7   2   6   3 6 7 5     2 3 3 6 8 7 2 9 4 2 4 
2 6 3 6   9 6   4 7 8 5     4 5 3   6 3 9 9 4 3 1 
  4 7   5   6   4   1 4 7   2   5   3 3 4 1 3 5 1 
2 4 8 5 4     6 4   5 2   2 4 6 4 2 9 8 6 1 5 3 1 
3 5 6 2 2 6 2   9 2 5 1 9   6 1 4   9 4 1 5 2 1 4 
2 7 9 4 7 9   8 8   4 2 5 7 3 8 5 * 3 4 9 3 4 4 6 
9   7     9 3   9 7 6 5 8   2   5 4 7 5 3 5 3 4 8 
6 4 5   9 9 6 4 9 6 9 2 8 3 8 6 4 9 3 3 4 1 5 8 1 
1 7 4 8 4 7 5   7 8 4 5   7 3   1   1 7 2 7 2 8 4 
9 6 7 9 3   4   2 4 4 9   9 7   3 6 7 6 5 4 3 1 2 
7 5 1 6 7 8 6   1 1 2 2 1 2 7   3   9 6 8 9 8 8 6 
1 3 4 8 3 4   6 9 5 9 9 3 9 3 4 6 7 6 4 2 4 3 4 2 
8 2 2 6 7 8 2   8 7 3 3   9 5   4 1 4 8 8 8 3 2 3 
4 8 6   3 7   1 4 5 1 1 5 9 6 8 5 3 7 1 2 5 2 5 5 
2 1 9 2 5 9 5 7 8 5 2 7 1 2 3   2 7 5 4 5 3 8 1 6 
4 7 5   8 4 8 1 7 4 4 2 2 7 5 6 2 7 8 3 2 1 8 5 4 
9 4 9 5 7 2 9 4 9 2 4 6 4 9 1 7 8 9 8 1 6 4 1 1 3 
8 3 5 9 1 9 5 3 9 3 9 2 9 9 3   5   7 2 6 5 2 3 4 
2 6 9 6 8 2 5 4 7 6 1 4 2 2 2 6 4 5 1 7 6 6 2 5 1 
4 4 9 7 9 4 9 5 2 9 4 9 2 2 9 3 2 5 6 6 9 1 3 4 7 
1 2 8 6 3 2 6 8 6 9 8 2 5 5 3   8 9 5 3 7 7 1 4 7 
8 6 2 6 5 2 6 5 2 9 4 6 3 6 7 1 4 2 8 2 3 1 1 7 1 
7 2 8 2 2 9 8 9 8 4 2 9 7 3 8 3 4 7 4 6 4 6 6 1 4 
7 4 8 3 7 2 8 5 7 2 7 7 1 6 5 4 7 6 3 5 6 9 5 9 8 

Step 65:
9   8 7   9 3 5 8   6 3 8   7   6   7 6 8 6 3 8 2 
    7   2   6   3 6 7 5     2 3 3 6 8 7 2 9 4 2 4 
2 6 3 6   9 6   4 7 8 5     4 5 3   6 3 9 9 4 3 1 
  4 7   5   6   4   1 4 7   2   5   3 3 4 1 3 5 1 
2 4 8 5 4     6 4   5 2   2 4 6 4 2 9 8 6 1 5 3 1 
3 5 6 2 2 6 2   9 2 5 1 9   6 1 4   9 4 1 5 2 1 4 
2 7 9 4 7 9   8 8   4 2 5 7 3 8 5   3 4 9 3 4 4 6 
9   7     9 3   9 7 6 5 8   2   5 4 7 5 3 5 3 4 8 
6 4 5   9 9 6 4 9 6 9 2 8 3 8 6 4 9 3 3 4 1 5 8 1 
1 7 4 8 4 7 5   7 8 4 5   7 3   1   1 7 2 7 2 8 4 
9 6 7 9 3   4   2 4 4 9   9 7   3 * 7 6 5 4 3 1 2 
7 5 1 6 7 8 6   1 1 2 2 1 2 7   3   9 6 8 9 8 8 6 
1 3 4 8 3 4   6 9 5 9 9 3 9 3 4 6 7 6 4 2 4 3 4 2 
8 2 2 6 7 8 2   8 7 3 3   9 5   4 1 4 8 8 8 3 2 3 
4 8 6   3 7   1 4 5 1 1 5 9 6 8 5 3 7 1 2 5 2 5 5 
2 1 9 2 5 9 5 7 8 5 2 7 1 2 3   2 7 5 4 5 3 8 1 6 
4 7 5   8 4 8 1 7 4 4 2 2 7 5 6 2 7 8 3 2 1 8 5 4 
9 4 9 5 7 2 9 4 9 2 4 6 4 9 1 7 8 9 8 1 6 4 1 1 3 
8 3 5 9 1 9 5 3 9 3 9 2 9 9 3   5   7 2 6 5 2 3 4 
2 6 9 6 8 2 5 4 7 6 1 4 2 2 2 6 4 5 1 7 6 6 2 5 1 
4 4 9 7 9 4 9 5 2 9 4 9 2 2 9 3 2 5 6 6 9 1 3 4 7 
1 2 8 6 3 2 6 8 6 9 8 2 5 5 3   8 9 5 3 7 7 1 4 7 
8 6 2 6 5 2 6 5 2 9 4 6 3 6 7 1 4 2 8 2 3 1 1 7 1 
7 2 8 2 2 9 8 9 8 4 2 9 7 3 8 3 4 7 4 6 4 6 6 1 4 
7 4 8 3 7 2 8 5 7 2 7 7 1 6 5 4 7 6 3 5 6 9 5 9 8 

Step 66:
9   8 7   9 3 5 8   6 3 8   7   6   7 6 8 6 3 8 2 
    7   2   6   3 6 7 5     2 3 3 6 8 7 2 9 4 2 4 
2 6 3 6   9 6   4 7 8 5     4 5 3   6 3 9 9 4 3 1 
  4 7   5   6   4   1 4 7   2   5   3 3 4 1 3 5 1 
2 4 8 5 4     6 4   5 2   2 4 6 4 2 9 8 6 1 5 3 1 
3 5 6 2 2 6 2   9 2 5 1 9   6 1 4   9 4 1 5 2 1 4 
2 7 9 4 7 9   8 8   4 2 5 7 3 8 5   3 4 9 3 4 4 6 
9   7     9 3   9 7 6 5 8   2   5 4 7 5 3 5 3 4 8 
6 4 5   9 9 6 4 9 6 9 2 8 3 8 6 4 9 3 3 4 1 5 8 1 
1 7 4 8 4 7 5   7 8 4 5   7 3   1   1 7 2 7 2 8 4 
9 6 7 9 3   4   2 4 4 9   9 *   3   7 6 5 4 3 1 2 
7 5 1 6 7 8 6   1 1 2 2 1 2 7   3   9 6 8 9 8 8 6 
1 3 4 8 3 4   6 9 5 9 9 3 9 3 4 6 7 6 4 2 4 3 4 2 
8 2 2 6 7 8 2   8 7 3 3   9 5   4 1 4 8 8 8 3 2 3 
4 8 6   3 7   1 4 5 1 1 5 9 6 8 5 3 7 1 2 5 2 5 5 
2 1 9 2 5 9 5 7 8 5 2 7 1 2 3   2 7 5 4 5 3 8 1 6 
4 7 5   8 4 8 1 7 4 4 2 2 7 5 6 2 7 8 3 2 1 8 5 4 
9 4 9 5 7 2 9 4 9 2 4 6 4 9 1 7 8 9 8 1 6 4 1 1 3 
8 3 5 9 1 9 5 3 9 3 9 2 9 9 3   5   7 2 6 5 2 3 4 
2 6 9 6 8 2 5 4 7 6 1 4 2 2 2 6 4 5 1 7 6 6 2 5 1 
4 4 9 7 9 4 9 5 2 9 4 9 2 2 9 3 2 5 6 6 9 1 3 4 7 
1 2 8 6 3 2 6 8 6 9 8 2 5 5 3   8 9 5 3 7 7 1 4 7 
8 6 2 6 5 2 6 5 2 9 4 6 3 6 7 1 4 2 8 2 3 1 1 7 1 
7 2 8 2 2 9 8 9 8 4 2 9 7 3 8 3 4 7 4 6 4 6 6 1 4 
7 4 8 3 7 2 8 5 7 2 7 7 1 6 5 4 7 6 3 5 6 9 5 9 8 

Step 67:
9   8 7   9 3 5 8   6 3 8   7   6   7 6 8 6 3 8 2 
    7   2   6   3 6 7 5     2 3 3 6 8 7 2 9 4 2 4 
2 6 3 6   9 6   4 7 8 5     4 5 3   6 3 9 9 4 3 1 
  4 7   5   6   4   1 4 7   2   5   3 3 4 1 3 5 1 
2 4 8 5 4     6 4   5 2   2 4 6 4 2 9 8 6 1 5 3 1 
3 5 6 2 2 6 2   9 2 5 1 9   6 1 4   9 4 1 5 2 1 4 
2 7 9 4 7 9   8 8   4 2 5 7 3 8 5   3 4 9 3 4 4 6 
9   7     9 3   9 7 6 5 8   *   5 4 7 5 3 5 3 4 8 
6 4 5   9 9 6 4 9 6 9 2 8 3 8 6 4 9 3 3 4 1 5 8 1 
1 7 4 8 4 7 5   7 8 4 5   7 3   1   1 7 2 7 2 8 4 
9 6 7 9 3   4   2 4 4 9   9     3   7 6 5 4 3 1 2 
7 5 1 6 7 8 6   1 1 2 2 1 2 7   3   9 6 8 9 8 8 6 
1 3 4 8 3 4   6 9 5 9 9 3 9 3 4 6 7 6 4 2 4 3 4 2 
8 2 2 6 7 8 2   8 7 3 3   9 5   4 1 4 8 8 8 3 2 3 
4 8 6   3 7   1 4 5 1 1 5 9 6 8 5 3 7 1 2 5 2 5 5 
2 1 9 2 5 9 5 7 8 5 2 7 1 2 3   2 7 5 4 5 3 8 1 6 
4 7 5   8 4 8 1 7 4 4 2 2 7 5 6 2 7 8 3 2 1 8 5 4 
9 4 9 5 7 2 9 4 9 2 4 6 4 9 1 7 8 9 8 1 6 4 1 1 3 
8 3 5 9 1 9 5 3 9 3 9 2 9 9 3   5   7 2 6 5 2 3 4 
2 6 9 6 8 2 5 4 7 6 1 4 2 2 2 6 4 5 1 7 6 6 2 5 1 
4 4 9 7 9 4 9 5 2 9 4 9 2 2 9 3 2 5 6 6 9 1 3 4 7 
1 2 8 6 3 2 6 8 6 9 8 2 5 5 3   8 9 5 3 7 7 1 4 7 
8 6 2 6 5 2 6 5 2 9 4 6 3 6 7 1 4 2 8 2 3 1 1 7 1 
7 2 8 2 2 9 8 9 8 4 2 9 7 3 8 3 4 7 4 6 4 6 6 1 4 
7 4 8 3 7 2 8 5 7 2 7 7 1 6 5 4 7 6 3 5 6 9 5 9 8 

Step 68:
9   8 7   9 3 5 8   6 3 8   7   6   7 6 8 6 3 8 2 
    7   2   6   3 6 7 5     2 3 3 6 8 7 2 9 4 2 4 
2 6 3 6   9 6   4 7 8 5     4 5 3   6 3 9 9 4 3 1 
  4 7   5   6   4   1 4 7   2   5   3 3 4 1 3 5 1 
2 4 8 5 4     6 4   5 2   2 * 6 4 2 9 8 6 1 5 3 1 
3 5 6 2 2 6 2   9 2 5 1 9   6 1 4   9 4 1 5 2 1 4 
2 7 9 4 7 9   8 8   4 2 5 7 3 8 5   3 4 9 3 4 4 6 
9   7     9 3   9 7 6 5 8       5 4 7 5 3 5 3 4 8 
6 4 5   9 9 6 4 9 6 9 2 8 3 8 6 4 9 3 3 4 1 5 8 1 
1 7 4 8 4 7 5   7 8 4 5   7 3   1   1 7 2 7 2 8 4 
9 6 7 9 3   4   2 4 4 9   9     3   7 6 5 4 3 1 2 
7 5 1 6 7 8 6   1 1 2 2 1 2 7   3   9 6 8 9 8 8 6 
1 3 4 8 3 4   6 9 5 9 9 3 9 3 4 6 7 6 4 2 4 3 4 2 
8 2 2 6 7 8 2   8 7 3 3   9 5   4 1 4 8 8 8 3 2 3 
4 8 6   3 7   1 4 5 1 1 5 9 6 8 5 3 7 1 2 5 2 5 5 
2 1 9 2 5 9 5 7 8 5 2 7 1 2 3   2 7 5 4 5 3 8 1 6 
4 7 5   8 4 8 1 7 4 4 2 2 7 5 6 2 7 8 3 2 1 8 5 4 
9 4 9 5 7 2 9 4 9 2 4 6 4 9 1 7 8 9 8 1 6 4 1 1 3 
8 3 5 9 1 9 5 3 9 3 9 2 9 9 3   5   7 2 6 5 2 3 4 
2 6 9 6 8 2 5 4 7 6 1 4 2 2 2 6 4 5 1 7 6 6 2 5 1 
4 4 9 7 9 4 9 5 2 9 4 9 2 2 9 3 2 5 6 6 9 1 3 4 7 
1 2 8 6 3 2 6 8 6 9 8 2 5 5 3   8 9 5 3 7 7 1 4 7 
8 6 2 6 5 2 6 5 2 9 4 6 3 6 7 1 4 2 8 2 3 1 1 7 1 
7 2 8 2 2 9 8 9 8 4 2 9 7 3 8 3 4 7 4 6 4 6 6 1 4 
7 4 8 3 7 2 8 5 7 2 7 7 1 6 5 4 7 6 3 5 6 9 5 9 8 

Step 69:
9   8 7   9 3 5 8   6 3 8   7   6   7 6 8 6 3 8 2 
    7   2   6   3 6 7 5     2 3 3 6 8 7 2 9 4 2 4 
2 6 3 6   9 6   4 7 8 5     * 5 3   6 3 9 9 4 3 1 
  4 7   5   6   4   1 4 7   2   5   3 3 4 1 3 5 1 
2 4 8 5 4     6 4   5 2   2   6 4 2 9 8 6 1 5 3 1 
3 5 6 2 2 6 2   9 2 5 1 9   6 1 4   9 4 1 5 2 1 4 
2 7 9 4 7 9   8 8   4 2 5 7 3 8 5   3 4 9 3 4 4 6 
9   7     9 3   9 7 6 5 8       5 4 7 5 3 5 3 4 8 
6 4 5   9 9 6 4 9 6 9 2 8 3 8 6 4 9 3 3 4 1 5 8 1 
1 7 4 8 4 7 5   7 8 4 5   7 3   1   1 7 2 7 2 8 4 
9 6 7 9 3   4   2 4 4 9   9     3   7 6 5 4 3 1 2 
7 5 1 6 7 8 6   1 1 2 2 1 2 7   3   9 6 8 9 8 8 6 
1 3 4 8 3 4   6 9 5 9 9 3 9 3 4 6 7 6 4 2 4 3 4 2 
8 2 2 6 7 8 2   8 7 3 3   9 5   4 1 4 8 8 8 3 2 3 
4 8 6   3 7   1 4 5 1 1 5 9 6 8 5 3 7 1 2 5 2 5 5 
2 1 9 2 5 9 5 7 8 5 2 7 1 2 3   2 7 5 4 5 3 8 1 6 
4 7 5   8 4 8 1 7 4 4 2 2 7 5 6 2 7 8 3 2 1 8 5 4 
9 4 9 5 7 2 9 4 9 2 4 6 4 9 1 7 8 9 8 1 6 4 1 1 3 
8 3 5 9 1 9 5 3 9 3 9 2 9 9 3   5   7 2 6 5 2 3 4 
2 6 9 6 8 2 5 4 7 6 1 4 2 2 2 6 4 5 1 7 6 6 2 5 1 
4 4 9 7 9 4 9 5 2 9 4 9 2 2 9 3 2 5 6 6 9 1 3 4 7 
1 2 8 6 3 2 6 8 6 9 8 2 5 5 3   8 9 5 3 7 7 1 4 7 
8 6 2 6 5 2 6 5 2 9 4 6 3 6 7 1 4 2 8 2 3 1 1 7 1 
7 2 8 2 2 9 8 9 8 4 2 9 7 3 8 3 4 7 4 6 4 6 6 1 4 
7 4 8 3 7 2 8 5 7 2 7 7 1 6 5 4 7 6 3 5 6 9 5 9 8 

Step 70:
9   8 7   9 3 5 8   6 3 8   *   6   7 6 8 6 3 8 2 
    7   2   6   3 6 7 5     2 3 3 6 8 7 2 9 4 2 4 
2 6 3 6   9 6   4 7 8 5       5 3   6 3 9 9 4 3 1 
  4 7   5   6   4   1 4 7   2   5   3 3 4 1 3 5 1 
2 4 8 5 4     6 4   5 2   2   6 4 2 9 8 6 1 5 3 1 
3 5 6 2 2 6 2   9 2 5 1 9   6 1 4   9 4 1 5 2 1 4 
2 7 9 4 7 9   8 8   4 2 5 7 3 8 5   3 4 9 3 4 4 6 
9   7     9 3   9 7 6 5 8       5 4 7 5 3 5 3 4 8 
6 4 5   9 9 6 4 9 6 9 2 8 3 8 6 4 9 3 3 4 1 5 8 1 
1 7 4 8 4 7 5   7 8 4 5   7 3   1   1 7 2 7 2 8 4 
9 6 7 9 3   4   2 4 4 9   9     3   7 6 5 4 3 1 2 
7 5 1 6 7 8 6   1 1 2 2 1 2 7   3   9 6 8 9 8 8 6 
1 3 4 8 3 4   6 9 5 9 9 3 9 3 4 6 7 6 4 2 4 3 4 2 
8 2 2 6 7 8 2   8 7 3 3   9 5   4 1 4 8 8 8 3 2 3 
4 8 6   3 7   1 4 5 1 1 5 9 6 8 5 3 7 1 2 5 2 5 5 
2 1 9 2 5 9 5 7 8 5 2 7 1 2 3   2 7 5 4 5 3 8 1 6 
4 7 5   8 4 8 1 7 4 4 2 2 7 5 6 2 7 8 3 2 1 8 5 4 
9 4 9 5 7 2 9 4 9 2 4 6 4 9 1 7 8 9 8 1 6 4 1 1 3 
8 3 5 9 1 9 5 3 9 3 9 2 9 9 3   5   7 2 6 5 2 3 4 
2 6 9 6 8 2 5 4 7 6 1 4 2 2 2 6 4 5 1 7 6 6 2 5 1 
4 4 9 7 9 4 9 5 2 9 4 9 2 2 9 3 2 5 6 6 9 1 3 4 7 
1 2 8 6 3 2 6 8 6 9 8 2 5 5 3   8 9 5 3 7 7 1 4 7 
8 6 2 6 5 2 6 5 2 9 4 6 3 6 7 1 4 2 8 2 3 1 1 7 1 
7 2 8 2 2 9 8 9 8 4 2 9 7 3 8 3 4 7 4 6 4 6 6 1 4 
7 4 8 3 7 2 8 5 7 2 7 7 1 6 5 4 7 6 3 5 6 9 5 9 8 

