Initial Board:
9 1 8 2 6 7 4 9 2 1 
5 2 8 4 2 8 9 8 2 9 
9 1 5 9 2 2 4 5 9 3 
7 1 1 3 6 3 6 6 5 5 
4 9 1 3 9 9 8 4 8 2 
8 6 8 8 4 5 8 4 9 2 
6 8 5 6 6 4 6 2 5 9 
8 3 8 9 9 9 9 3 9 5 
4 2 * 7 5 4 9 7 3 5 
7 2 9 9 4 3 3 5 5 9 

Step 1:
9 1 * 2 6 7 4 9 2 1 
5 2 8 4 2 8 9 8 2 9 
9 1 5 9 2 2 4 5 9 3 
7 1 1 3 6 3 6 6 5 5 
4 9 1 3 9 9 8 4 8 2 
8 6 8 8 4 5 8 4 9 2 
6 8 5 6 6 4 6 2 5 9 
8 3 8 9 9 9 9 3 9 5 
4 2   7 5 4 9 7 3 5 
7 2 9 9 4 3 3 5 5 9 

Step 2:
9 *   2 6 7 4 9 2 1 
5 2 8 4 2 8 9 8 2 9 
9 1 5 9 2 2 4 5 9 3 
7 1 1 3 6 3 6 6 5 5 
4 9 1 3 9 9 8 4 8 2 
8 6 8 8 4 5 8 4 9 2 
6 8 5 6 6 4 6 2 5 9 
8 3 8 9 9 9 9 3 9 5 
4 2   7 5 4 9 7 3 5 
7 2 9 9 4 3 3 5 5 9 

Step 3:
9     2 6 7 4 9 2 1 
5 2 8 4 2 8 9 8 2 9 
9 * 5 9 2 2 4 5 9 3 
7 1 1 3 6 3 6 6 5 5 
4 9 1 3 9 9 8 4 8 2 
8 6 8 8 4 5 8 4 9 2 
6 8 5 6 6 4 6 2 5 9 
8 3 8 9 9 9 9 3 9 5 
4 2   7 5 4 9 7 3 5 
7 2 9 9 4 3 3 5 5 9 

Step 4:
9     2 6 7 4 9 2 1 
5 2 8 4 2 8 9 8 2 9 
9   5 9 2 2 4 5 9 3 
7 * 1 3 6 3 6 6 5 5 
4 9 1 3 9 9 8 4 8 2 
8 6 8 8 4 5 8 4 9 2 
6 8 5 6 6 4 6 2 5 9 
8 3 8 9 9 9 9 3 9 5 
4 2   7 5 4 9 7 3 5 
7 2 9 9 4 3 3 5 5 9 

Step 5:
9     2 6 7 4 9 2 1 
5 2 8 4 2 8 9 8 2 9 
9   5 9 2 2 4 5 9 3 
7   * 3 6 3 6 6 5 5 
4 9 1 3 9 9 8 4 8 2 
8 6 8 8 4 5 8 4 9 2 
6 8 5 6 6 4 6 2 5 9 
8 3 8 9 9 9 9 3 9 5 
4 2   7 5 4 9 7 3 5 
7 2 9 9 4 3 3 5 5 9 

Step 6:
9     2 6 7 4 9 2 1 
5 2 8 4 2 8 9 8 2 9 
9   5 9 2 2 4 5 9 3 
7     3 6 3 6 6 5 5 
4 9 * 3 9 9 8 4 8 2 
8 6 8 8 4 5 8 4 9 2 
6 8 5 6 6 4 6 2 5 9 
8 3 8 9 9 9 9 3 9 5 
4 2   7 5 4 9 7 3 5 
7 2 9 9 4 3 3 5 5 9 

Step 7:
9     2 6 7 4 9 2 1 
5 2 8 4 2 8 9 8 2 9 
9   5 9 2 2 4 5 9 3 
7     3 6 3 6 6 5 5 
4 9   3 9 * 8 4 8 2 
8 6 8 8 4 5 8 4 9 2 
6 8 5 6 6 4 6 2 5 9 
8 3 8 9 9 9 9 3 9 5 
4 2   7 5 4 9 7 3 5 
7 2 9 9 4 3 3 5 5 9 

Step 8:
9     2 6 7 4 9 2 1 
5 2 8 4 2 * 9 8 2 9 
9   5 9 2 2 4 5 9 3 
7     3 6 3 6 6 5 5 
4 9   3 9   8 4 8 2 
8 6 8 8 4 5 8 4 9 2 
6 8 5 6 6 4 6 2 5 9 
8 3 8 9 9 9 9 3 9 5 
4 2   7 5 4 9 7 3 5 
7 2 9 9 4 3 3 5 5 9 

Step 9:
9     2 6 7 4 9 2 1 
5 2 8 4 2   9 8 2 9 
9   5 9 2 2 4 5 9 3 
7     3 6 * 6 6 5 5 
4 9   3 9   8 4 8 2 
8 6 8 8 4 5 8 4 9 2 
6 8 5 6 6 4 6 2 5 9 
8 3 8 9 9 9 9 3 9 5 
4 2   7 5 4 9 7 3 5 
7 2 9 9 4 3 3 5 5 9 

Step 10:
9     2 6 7 4 9 2 1 
5 2 8 * 2   9 8 2 9 
9   5 9 2 2 4 5 9 3 
7     3 6   6 6 5 5 
4 9   3 9   8 4 8 2 
8 6 8 8 4 5 8 4 9 2 
6 8 5 6 6 4 6 2 5 9 
8 3 8 9 9 9 9 3 9 5 
4 2   7 5 4 9 7 3 5 
7 2 9 9 4 3 3 5 5 9 

