Initial Board:
1 3 2 8 6 6 4 4 6 7 
3 9 9 1 9 6 4 7 9 9 
1 9 6 5 4 1 7 5 2 8 
5 7 1 5 4 7 7 6 2 6 
2 6 3 7 3 6 4 4 1 9 
4 * 8 6 3 3 1 7 2 7 
1 7 2 8 7 9 6 3 8 9 
9 6 9 8 3 2 5 6 7 6 
3 5 9 1 9 8 6 8 2 1 
6 6 4 4 3 6 5 6 1 4 

Step 1:
1 3 2 8 6 6 4 4 6 7 
3 9 9 1 9 6 4 7 9 9 
1 9 6 5 4 1 7 5 2 8 
5 7 1 5 4 7 7 6 2 6 
2 6 3 7 3 6 4 4 1 9 
4   8 6 3 3 1 7 2 * 
1 7 2 8 7 9 6 3 8 9 
9 6 9 8 3 2 5 6 7 6 
3 5 9 1 9 8 6 8 2 1 
6 6 4 4 3 6 5 6 1 4 

Step 2:
1 3 2 8 6 6 4 4 6 7 
3 9 9 1 9 6 4 7 9 9 
1 9 6 5 4 1 7 5 2 8 
5 7 1 5 4 7 7 6 2 6 
2 6 3 7 3 6 4 4 1 9 
4   8 6 3 3 1 * 2   
1 7 2 8 7 9 6 3 8 9 
9 6 9 8 3 2 5 6 7 6 
3 5 9 1 9 8 6 8 2 1 
6 6 4 4 3 6 5 6 1 4 

Step 3:
1 3 2 8 6 6 4 4 6 7 
3 9 9 1 9 6 4 * 9 9 
1 9 6 5 4 1 7 5 2 8 
5 7 1 5 4 7 7 6 2 6 
2 6 3 7 3 6 4 4 1 9 
4   8 6 3 3 1   2   
1 7 2 8 7 9 6 3 8 9 
9 6 9 8 3 2 5 6 7 6 
3 5 9 1 9 8 6 8 2 1 
6 6 4 4 3 6 5 6 1 4 

