Initial Board:
6 4 6 8 9 5 7 4 5 3 
8 8 5 9 8 8 1 6 2 3 
1 7 9 7 8 4 2 8 7 1 
5 6 9 1 6 3 5 5 2 7 
1 4 1 2 5 7 5 2 2 5 
3 4 8 3 9 6 6 9 9 4 
9 2 5 3 4 5 7 6 9 6 
3 * 8 5 4 9 2 7 9 4 
4 6 1 9 4 8 6 2 4 7 
4 4 6 6 1 9 9 6 9 9 

Step 1:
6 4 6 8 9 5 7 4 5 3 
8 8 5 9 8 8 1 6 2 3 
1 7 9 7 8 4 * 8 7 1 
5 6 9 1 6 3 5 5 2 7 
1 4 1 2 5 7 5 2 2 5 
3 4 8 3 9 6 6 9 9 4 
9 2 5 3 4 5 7 6 9 6 
3   8 5 4 9 2 7 9 4 
4 6 1 9 4 8 6 2 4 7 
4 4 6 6 1 9 9 6 9 9 

Step 2:
6 4 6 8 9 5 7 4 5 3 
8 8 5 9 8 8 1 6 2 3 
1 7 * 7 8 4   8 7 1 
5 6 9 1 6 3 5 5 2 7 
1 4 1 2 5 7 5 2 2 5 
3 4 8 3 9 6 6 9 9 4 
9 2 5 3 4 5 7 6 9 6 
3   8 5 4 9 2 7 9 4 
4 6 1 9 4 8 6 2 4 7 
4 4 6 6 1 9 9 6 9 9 

Step 3:
6 4 6 8 9 5 7 4 5 3 
8 8 5 9 8 8 1 6 2 3 
1 7   7 8 4   8 7 * 
5 6 9 1 6 3 5 5 2 7 
1 4 1 2 5 7 5 2 2 5 
3 4 8 3 9 6 6 9 9 4 
9 2 5 3 4 5 7 6 9 6 
3   8 5 4 9 2 7 9 4 
4 6 1 9 4 8 6 2 4 7 
4 4 6 6 1 9 9 6 9 9 

Step 4:
6 4 6 8 9 5 7 4 5 3 
8 8 5 9 8 8 1 6 2 3 
1 7   7 8 4   8 7   
5 6 9 1 6 3 5 5 2 7 
1 4 1 2 5 7 5 2 2 5 
3 4 8 3 9 6 6 9 9 4 
9 2 5 3 4 5 7 6 9 6 
3   8 5 4 9 2 7 9 4 
4 6 1 9 4 8 6 2 4 7 
4 4 6 6 1 9 9 6 9 * 

Step 5:
6 4 6 8 9 5 7 4 5 3 
8 8 5 9 8 8 1 6 2 3 
1 7   7 8 4   8 7   
5 6 9 1 6 3 5 5 2 7 
1 4 1 2 5 7 5 2 2 5 
3 4 8 3 9 * 6 9 9 4 
9 2 5 3 4 5 7 6 9 6 
3   8 5 4 9 2 7 9 4 
4 6 1 9 4 8 6 2 4 7 
4 4 6 6 1 9 9 6 9   

Step 6:
* 4 6 8 9 5 7 4 5 3 
8 8 5 9 8 8 1 6 2 3 
1 7   7 8 4   8 7   
5 6 9 1 6 3 5 5 2 7 
1 4 1 2 5 7 5 2 2 5 
3 4 8 3 9   6 9 9 4 
9 2 5 3 4 5 7 6 9 6 
3   8 5 4 9 2 7 9 4 
4 6 1 9 4 8 6 2 4 7 
4 4 6 6 1 9 9 6 9   

Step 7:
  4 6 8 * 5 7 4 5 3 
8 8 5 9 8 8 1 6 2 3 
1 7   7 8 4   8 7   
5 6 9 1 6 3 5 5 2 7 
1 4 1 2 5 7 5 2 2 5 
3 4 8 3 9   6 9 9 4 
9 2 5 3 4 5 7 6 9 6 
3   8 5 4 9 2 7 9 4 
4 6 1 9 4 8 6 2 4 7 
4 4 6 6 1 9 9 6 9   

Step 8:
  4 6 8   5 7 4 5 * 
8 8 5 9 8 8 1 6 2 3 
1 7   7 8 4   8 7   
5 6 9 1 6 3 5 5 2 7 
1 4 1 2 5 7 5 2 2 5 
3 4 8 3 9   6 9 9 4 
9 2 5 3 4 5 7 6 9 6 
3   8 5 4 9 2 7 9 4 
4 6 1 9 4 8 6 2 4 7 
4 4 6 6 1 9 9 6 9   

Step 9:
  4 6 8   5 7 4 5   
8 8 5 9 8 8 1 6 2 3 
1 7   7 8 4   8 7   
5 6 9 1 6 3 5 5 2 * 
1 4 1 2 5 7 5 2 2 5 
3 4 8 3 9   6 9 9 4 
9 2 5 3 4 5 7 6 9 6 
3   8 5 4 9 2 7 9 4 
4 6 1 9 4 8 6 2 4 7 
4 4 6 6 1 9 9 6 9   

Step 10:
  4 6 8   5 7 4 5   
8 8 5 9 8 8 1 6 2 3 
1 7   7 8 4   8 7   
5 6 9 1 6 3 5 5 2   
1 4 1 2 5 7 5 2 2 5 
3 4 8 3 9   6 9 9 4 
9 2 5 3 4 5 7 6 9 6 
3   8 5 4 9 2 7 9 4 
4 6 1 9 4 8 6 2 4 * 
4 4 6 6 1 9 9 6 9   

Step 11:
  4 6 8   5 7 4 5   
8 8 5 9 8 8 1 6 2 3 
1 7   7 8 4   8 7   
5 6 9 1 6 3 5 5 2   
1 4 1 2 5 7 5 2 2 * 
3 4 8 3 9   6 9 9 4 
9 2 5 3 4 5 7 6 9 6 
3   8 5 4 9 2 7 9 4 
4 6 1 9 4 8 6 2 4   
4 4 6 6 1 9 9 6 9   

Step 12:
  4 6 8   5 7 4 5   
8 8 5 9 8 8 1 6 2 3 
1 7   7 8 4   * 7   
5 6 9 1 6 3 5 5 2   
1 4 1 2 5 7 5 2 2   
3 4 8 3 9   6 9 9 4 
9 2 5 3 4 5 7 6 9 6 
3   8 5 4 9 2 7 9 4 
4 6 1 9 4 8 6 2 4   
4 4 6 6 1 9 9 6 9   

Step 13:
  4 6 8   5 7 4 5   
8 8 5 9 8 8 1 6 2 3 
1 7   7 8 4     7   
5 6 9 1 6 3 5 5 2   
1 4 1 2 5 7 5 2 2   
3 4 8 3 9   6 9 9 4 
9 2 5 3 4 5 7 6 9 6 
3   * 5 4 9 2 7 9 4 
4 6 1 9 4 8 6 2 4   
4 4 6 6 1 9 9 6 9   

Step 14:
  4 6 8   5 7 4 5   
8 8 5 9 8 8 1 6 2 3 
1 7   7 8 4     7   
5 6 9 1 6 3 5 5 2   
1 4 1 2 5 7 5 2 2   
3 4 8 3 9   6 9 9 4 
9 2 5 3 4 5 7 6 9 6 
3     5 4 9 2 * 9 4 
4 6 1 9 4 8 6 2 4   
4 4 6 6 1 9 9 6 9   

Step 15:
  4 6 8   5 7 4 5   
8 8 5 9 8 8 1 6 2 3 
1 7   7 8 4     7   
5 6 9 1 6 3 5 5 2   
1 4 1 2 5 7 5 2 2   
3 4 8 3 9   6 9 9 4 
9 2 5 3 4 5 7 6 9 6 
3     5 4 * 2   9 4 
4 6 1 9 4 8 6 2 4   
4 4 6 6 1 9 9 6 9   

Step 16:
  4 6 8   5 7 4 5   
8 8 5 9 8 8 1 6 2 3 
1 7   7 8 4     7   
5 * 9 1 6 3 5 5 2   
1 4 1 2 5 7 5 2 2   
3 4 8 3 9   6 9 9 4 
9 2 5 3 4 5 7 6 9 6 
3     5 4   2   9 4 
4 6 1 9 4 8 6 2 4   
4 4 6 6 1 9 9 6 9   

Step 17:
  4 6 8   5 7 4 5   
8 8 5 9 8 8 1 6 2 3 
* 7   7 8 4     7   
5   9 1 6 3 5 5 2   
1 4 1 2 5 7 5 2 2   
3 4 8 3 9   6 9 9 4 
9 2 5 3 4 5 7 6 9 6 
3     5 4   2   9 4 
4 6 1 9 4 8 6 2 4   
4 4 6 6 1 9 9 6 9   

Step 18:
  4 6 8   5 7 4 5   
8 8 5 9 8 8 1 6 2 3 
  7   7 8 4     7   
5   9 1 6 3 5 5 2   
1 4 1 2 5 7 5 2 2   
3 4 8 3 9   6 9 9 4 
9 2 5 3 4 5 7 6 9 6 
*     5 4   2   9 4 
4 6 1 9 4 8 6 2 4   
4 4 6 6 1 9 9 6 9   

Step 19:
  4 6 8   5 7 4 5   
8 8 5 9 8 8 1 6 2 3 
  7   7 8 4     7   
5   9 1 6 3 5 5 2   
1 4 1 2 5 7 5 2 2   
3 4 * 3 9   6 9 9 4 
9 2 5 3 4 5 7 6 9 6 
      5 4   2   9 4 
4 6 1 9 4 8 6 2 4   
4 4 6 6 1 9 9 6 9   

Step 20:
  4 6 8   5 7 4 5   
8 8 5 9 8 8 1 6 2 3 
  7   7 8 4     7   
5   9 1 6 3 5 5 2   
1 4 * 2 5 7 5 2 2   
3 4   3 9   6 9 9 4 
9 2 5 3 4 5 7 6 9 6 
      5 4   2   9 4 
4 6 1 9 4 8 6 2 4   
4 4 6 6 1 9 9 6 9   

Step 21:
  4 6 8   5 7 4 5   
8 8 5 9 8 8 1 6 2 3 
  7   7 8 4     7   
5   9 * 6 3 5 5 2   
1 4   2 5 7 5 2 2   
3 4   3 9   6 9 9 4 
9 2 5 3 4 5 7 6 9 6 
      5 4   2   9 4 
4 6 1 9 4 8 6 2 4   
4 4 6 6 1 9 9 6 9   

Step 22:
  4 6 8   5 7 4 5   
8 8 5 9 8 8 1 6 2 3 
  7   7 8 4     7   
5   9   6 3 5 5 2   
1 4   2 5 7 5 2 2   
3 4   * 9   6 9 9 4 
9 2 5 3 4 5 7 6 9 6 
      5 4   2   9 4 
4 6 1 9 4 8 6 2 4   
4 4 6 6 1 9 9 6 9   

Step 23:
  4 6 8   5 7 4 *   
8 8 5 9 8 8 1 6 2 3 
  7   7 8 4     7   
5   9   6 3 5 5 2   
1 4   2 5 7 5 2 2   
3 4     9   6 9 9 4 
9 2 5 3 4 5 7 6 9 6 
      5 4   2   9 4 
4 6 1 9 4 8 6 2 4   
4 4 6 6 1 9 9 6 9   

Step 24:
  4 6 8   5 7 4     
8 8 5 9 8 8 1 6 2 3 
  7   7 8 4     *   
5   9   6 3 5 5 2   
1 4   2 5 7 5 2 2   
3 4     9   6 9 9 4 
9 2 5 3 4 5 7 6 9 6 
      5 4   2   9 4 
4 6 1 9 4 8 6 2 4   
4 4 6 6 1 9 9 6 9   

Step 25:
  4 6 8   5 7 4     
8 8 5 9 8 8 1 6 2 3 
  7   7 8 4         
5   9   6 3 5 5 2   
1 4   2 5 7 5 2 2   
3 4     9   6 9 9 4 
9 2 5 3 4 5 7 6 9 6 
      * 4   2   9 4 
4 6 1 9 4 8 6 2 4   
4 4 6 6 1 9 9 6 9   

Step 26:
  4 6 8   5 7 4     
8 8 5 9 8 8 1 6 2 3 
  7   7 8 4         
5   9   6 3 5 * 2   
1 4   2 5 7 5 2 2   
3 4     9   6 9 9 4 
9 2 5 3 4 5 7 6 9 6 
        4   2   9 4 
4 6 1 9 4 8 6 2 4   
4 4 6 6 1 9 9 6 9   

Step 27:
  4 6 8   5 7 4     
8 8 5 9 8 8 1 6 2 3 
  7   7 8 4         
5   *   6 3 5   2   
1 4   2 5 7 5 2 2   
3 4     9   6 9 9 4 
9 2 5 3 4 5 7 6 9 6 
        4   2   9 4 
4 6 1 9 4 8 6 2 4   
4 4 6 6 1 9 9 6 9   

Step 28:
  4 6 8   5 7 4     
8 8 5 9 8 8 1 6 2 3 
  7   7 8 4         
5       6 3 5   2   
1 4   2 5 7 5 2 2   
3 4     *   6 9 9 4 
9 2 5 3 4 5 7 6 9 6 
        4   2   9 4 
4 6 1 9 4 8 6 2 4   
4 4 6 6 1 9 9 6 9   

Step 29:
  4 6 8   5 7 4     
8 8 5 9 8 8 1 6 2 3 
  7   7 8 4         
5       6 3 5   2   
1 4   2 5 7 5 2 2   
3 4         6 9 9 4 
9 2 5 3 4 5 7 6 9 6 
        4   2   9 4 
4 * 1 9 4 8 6 2 4   
4 4 6 6 1 9 9 6 9   

Step 30:
  4 6 8   5 7 4     
8 8 5 9 8 8 1 6 2 3 
  7   7 8 4         
5       6 3 5   2   
1 4   2 5 7 5 2 2   
3 4         6 9 9 4 
9 2 5 3 4 5 7 6 9 6 
        4   2   9 4 
4   * 9 4 8 6 2 4   
4 4 6 6 1 9 9 6 9   

