Initial Board:
3 5 7 1 3 7 7 4 6 4 
9 2 5 6 7 6 5 9 4 9 
7 4 2 3 3 7 9 9 5 3 
3 6 6 3 2 4 2 4 3 5 
8 2 7 5 3 6 7 8 8 7 
8 2 6 4 7 7 9 1 * 7 
3 8 1 2 7 4 8 2 9 2 
1 1 9 7 9 9 1 3 2 1 
3 5 6 5 5 6 2 2 7 5 
7 8 2 7 8 1 7 9 6 7 

Step 1:
3 5 7 1 3 7 7 4 6 4 
9 2 5 6 7 6 5 9 4 9 
7 4 2 3 3 7 9 9 5 3 
3 6 6 3 2 4 2 4 3 5 
8 2 7 5 3 6 7 8 8 7 
8 2 6 4 7 7 9 1   7 
3 8 1 2 7 4 8 2 9 2 
1 1 9 7 9 9 * 3 2 1 
3 5 6 5 5 6 2 2 7 5 
7 8 2 7 8 1 7 9 6 7 

Step 2:
3 5 7 1 3 7 7 4 6 4 
9 2 5 6 7 6 5 9 4 9 
7 4 2 3 3 7 9 9 5 3 
3 6 6 3 2 4 2 4 3 5 
8 2 7 5 3 6 7 8 8 7 
8 2 6 4 7 7 9 1   7 
3 8 1 2 7 4 8 2 9 2 
1 1 9 7 9 9   3 2 1 
3 5 6 5 5 6 2 2 7 5 
7 8 2 7 8 1 7 9 * 7 

Step 3:
3 5 7 1 3 7 7 4 6 4 
9 2 5 6 7 6 5 9 4 9 
7 4 2 3 3 7 9 9 * 3 
3 6 6 3 2 4 2 4 3 5 
8 2 7 5 3 6 7 8 8 7 
8 2 6 4 7 7 9 1   7 
3 8 1 2 7 4 8 2 9 2 
1 1 9 7 9 9   3 2 1 
3 5 6 5 5 6 2 2 7 5 
7 8 2 7 8 1 7 9   7 

Step 4:
3 5 7 1 3 7 7 4 6 4 
9 2 5 6 7 6 5 9 4 9 
7 4 2 3 3 7 9 9   3 
3 6 6 3 2 4 2 4 3 5 
8 2 7 5 3 6 7 8 8 7 
8 2 6 4 7 7 9 1   7 
3 8 1 2 * 4 8 2 9 2 
1 1 9 7 9 9   3 2 1 
3 5 6 5 5 6 2 2 7 5 
7 8 2 7 8 1 7 9   7 

Step 5:
3 5 7 1 3 7 7 4 6 4 
9 2 5 6 7 6 5 9 4 9 
* 4 2 3 3 7 9 9   3 
3 6 6 3 2 4 2 4 3 5 
8 2 7 5 3 6 7 8 8 7 
8 2 6 4 7 7 9 1   7 
3 8 1 2   4 8 2 9 2 
1 1 9 7 9 9   3 2 1 
3 5 6 5 5 6 2 2 7 5 
7 8 2 7 8 1 7 9   7 

Step 6:
3 5 7 1 3 7 7 4 6 4 
9 2 5 6 7 6 5 9 4 9 
  4 2 3 * 7 9 9   3 
3 6 6 3 2 4 2 4 3 5 
8 2 7 5 3 6 7 8 8 7 
8 2 6 4 7 7 9 1   7 
3 8 1 2   4 8 2 9 2 
1 1 9 7 9 9   3 2 1 
3 5 6 5 5 6 2 2 7 5 
7 8 2 7 8 1 7 9   7 

Step 7:
3 5 7 1 3 7 7 4 6 4 
9 2 5 6 7 6 5 9 4 9 
  4 2 3   7 9 9   3 
3 6 6 3 2 4 2 4 3 5 
8 2 7 5 3 6 7 8 8 7 
8 * 6 4 7 7 9 1   7 
3 8 1 2   4 8 2 9 2 
1 1 9 7 9 9   3 2 1 
3 5 6 5 5 6 2 2 7 5 
7 8 2 7 8 1 7 9   7 

Step 8:
3 5 7 1 3 7 7 4 6 4 
9 2 5 6 7 6 5 9 4 9 
  4 2 3   7 9 9   3 
3 * 6 3 2 4 2 4 3 5 
8 2 7 5 3 6 7 8 8 7 
8   6 4 7 7 9 1   7 
3 8 1 2   4 8 2 9 2 
1 1 9 7 9 9   3 2 1 
3 5 6 5 5 6 2 2 7 5 
7 8 2 7 8 1 7 9   7 

Step 9:
3 5 7 1 3 7 7 4 6 4 
9 2 5 * 7 6 5 9 4 9 
  4 2 3   7 9 9   3 
3   6 3 2 4 2 4 3 5 
8 2 7 5 3 6 7 8 8 7 
8   6 4 7 7 9 1   7 
3 8 1 2   4 8 2 9 2 
1 1 9 7 9 9   3 2 1 
3 5 6 5 5 6 2 2 7 5 
7 8 2 7 8 1 7 9   7 

Step 10:
3 5 7 * 3 7 7 4 6 4 
9 2 5   7 6 5 9 4 9 
  4 2 3   7 9 9   3 
3   6 3 2 4 2 4 3 5 
8 2 7 5 3 6 7 8 8 7 
8   6 4 7 7 9 1   7 
3 8 1 2   4 8 2 9 2 
1 1 9 7 9 9   3 2 1 
3 5 6 5 5 6 2 2 7 5 
7 8 2 7 8 1 7 9   7 

Step 11:
3 5 7   3 7 * 4 6 4 
9 2 5   7 6 5 9 4 9 
  4 2 3   7 9 9   3 
3   6 3 2 4 2 4 3 5 
8 2 7 5 3 6 7 8 8 7 
8   6 4 7 7 9 1   7 
3 8 1 2   4 8 2 9 2 
1 1 9 7 9 9   3 2 1 
3 5 6 5 5 6 2 2 7 5 
7 8 2 7 8 1 7 9   7 

Step 12:
3 5 7   3 7   4 6 4 
9 2 5   7 6 5 9 4 9 
  4 2 3   7 9 9   3 
3   6 3 2 4 2 4 3 5 
8 2 7 5 3 6 7 8 8 7 
8   6 4 7 7 * 1   7 
3 8 1 2   4 8 2 9 2 
1 1 9 7 9 9   3 2 1 
3 5 6 5 5 6 2 2 7 5 
7 8 2 7 8 1 7 9   7 

Step 13:
3 5 7   3 7   4 6 4 
9 2 5   7 6 5 9 4 9 
  4 2 3   7 9 9   3 
3   6 3 2 4 2 4 3 5 
8 2 7 5 3 6 7 8 8 7 
8   6 4 7 7   1   7 
3 8 1 2   4 8 2 9 2 
1 1 9 7 9 9   3 2 1 
3 5 6 5 5 6 2 2 7 5 
7 8 * 7 8 1 7 9   7 

Step 14:
3 5 7   3 7   4 6 4 
9 2 5   7 6 5 9 4 9 
  4 2 3   7 9 9   3 
3   6 3 2 4 2 4 3 5 
8 2 7 5 3 6 7 8 8 7 
8   6 4 7 7   1   7 
3 8 1 2   4 8 2 9 2 
1 1 9 7 9 9   3 2 1 
3 5 6 5 5 6 2 2 7 5 
7 8   7 8 1 7 9   * 

Step 15:
3 5 7   3 7   4 6 4 
9 2 5   7 6 5 9 4 9 
  4 2 3   7 9 9   3 
3   6 3 2 4 2 4 3 5 
8 2 7 5 3 6 7 8 8 * 
8   6 4 7 7   1   7 
3 8 1 2   4 8 2 9 2 
1 1 9 7 9 9   3 2 1 
3 5 6 5 5 6 2 2 7 5 
7 8   7 8 1 7 9     

Step 16:
3 5 7   3 7   4 6 4 
9 2 5   7 6 * 9 4 9 
  4 2 3   7 9 9   3 
3   6 3 2 4 2 4 3 5 
8 2 7 5 3 6 7 8 8   
8   6 4 7 7   1   7 
3 8 1 2   4 8 2 9 2 
1 1 9 7 9 9   3 2 1 
3 5 6 5 5 6 2 2 7 5 
7 8   7 8 1 7 9     

Step 17:
3 5 7   3 7   4 6 4 
* 2 5   7 6   9 4 9 
  4 2 3   7 9 9   3 
3   6 3 2 4 2 4 3 5 
8 2 7 5 3 6 7 8 8   
8   6 4 7 7   1   7 
3 8 1 2   4 8 2 9 2 
1 1 9 7 9 9   3 2 1 
3 5 6 5 5 6 2 2 7 5 
7 8   7 8 1 7 9     

Step 18:
3 5 7   3 7   4 6 4 
  2 5   7 6   9 4 9 
  4 2 3   7 9 9   3 
3   6 3 2 4 2 4 3 5 
8 2 7 5 3 6 7 8 8   
8   6 4 * 7   1   7 
3 8 1 2   4 8 2 9 2 
1 1 9 7 9 9   3 2 1 
3 5 6 5 5 6 2 2 7 5 
7 8   7 8 1 7 9     

Step 19:
3 5 7   3 7   4 6 4 
  2 5   7 6   9 4 9 
  4 2 3   7 9 9   3 
3   6 3 2 4 2 4 3 5 
8 2 7 5 3 6 7 8 8   
*   6 4   7   1   7 
3 8 1 2   4 8 2 9 2 
1 1 9 7 9 9   3 2 1 
3 5 6 5 5 6 2 2 7 5 
7 8   7 8 1 7 9     

Step 20:
3 5 7   3 7   4 6 4 
  2 5   7 6   9 4 9 
  4 2 3   7 9 9   3 
3   6 3 2 4 2 4 3 5 
8 2 7 5 3 6 7 8 8   
    6 4   7   1   7 
3 8 1 2   4 8 2 9 2 
1 1 9 7 9 9   3 2 1 
* 5 6 5 5 6 2 2 7 5 
7 8   7 8 1 7 9     

Step 21:
3 5 7   3 7   4 6 4 
  2 5   7 6   9 4 9 
  4 2 3   7 9 9   3 
3   6 3 2 4 2 4 3 5 
8 2 7 5 3 6 7 8 8   
    6 4   7   1   7 
3 8 1 2   4 8 2 9 2 
1 * 9 7 9 9   3 2 1 
  5 6 5 5 6 2 2 7 5 
7 8   7 8 1 7 9     

Step 22:
3 5 7   3 7   4 6 4 
  2 5   7 6   9 4 9 
  4 2 3   7 9 9   3 
3   6 3 2 4 2 4 3 5 
8 2 7 5 3 6 7 8 8   
    6 4   7   1   7 
3 8 * 2   4 8 2 9 2 
1   9 7 9 9   3 2 1 
  5 6 5 5 6 2 2 7 5 
7 8   7 8 1 7 9     

Step 23:
3 5 7   3 7   4 6 4 
  2 5   7 6   9 4 9 
  4 2 3   7 * 9   3 
3   6 3 2 4 2 4 3 5 
8 2 7 5 3 6 7 8 8   
    6 4   7   1   7 
3 8   2   4 8 2 9 2 
1   9 7 9 9   3 2 1 
  5 6 5 5 6 2 2 7 5 
7 8   7 8 1 7 9     

Step 24:
3 5 7   3 7   4 6 4 
  2 5   7 6   9 4 9 
  4 2 3   7   9   3 
3   6 3 2 4 2 4 3 5 
8 2 7 5 3 6 * 8 8   
    6 4   7   1   7 
3 8   2   4 8 2 9 2 
1   9 7 9 9   3 2 1 
  5 6 5 5 6 2 2 7 5 
7 8   7 8 1 7 9     

Step 25:
3 5 7   3 7   4 6 4 
  2 5   7 6   9 4 9 
  4 2 3   7   9   3 
3   6 3 2 4 2 4 3 5 
* 2 7 5 3 6   8 8   
    6 4   7   1   7 
3 8   2   4 8 2 9 2 
1   9 7 9 9   3 2 1 
  5 6 5 5 6 2 2 7 5 
7 8   7 8 1 7 9     

Step 26:
3 5 7   3 7   4 6 4 
  2 5   7 6   9 4 9 
  4 2 3   7   9   3 
3   6 3 2 4 2 4 3 5 
  2 * 5 3 6   8 8   
    6 4   7   1   7 
3 8   2   4 8 2 9 2 
1   9 7 9 9   3 2 1 
  5 6 5 5 6 2 2 7 5 
7 8   7 8 1 7 9     

Step 27:
3 5 7   3 7   4 6 4 
  2 5   7 6   9 4 9 
  4 2 3   7   9   3 
3   6 3 2 4 2 4 3 5 
  2   5 3 6   8 8   
    6 4   7   1   7 
3 8   2   4 8 2 9 2 
1   9 7 9 9   3 2 1 
  5 6 5 5 6 * 2 7 5 
7 8   7 8 1 7 9     

Step 28:
3 5 7   3 7   4 6 4 
  2 5   7 6   9 4 9 
  4 2 3   7   9   3 
3   6 3 2 4 2 4 3 5 
  2   5 3 6   8 8   
    6 4   7   1   * 
3 8   2   4 8 2 9 2 
1   9 7 9 9   3 2 1 
  5 6 5 5 6   2 7 5 
7 8   7 8 1 7 9     

Step 29:
3 5 7   3 7   4 6 4 
  2 5   7 6   9 4 9 
  4 2 3   7   9   3 
3   6 3 2 4 2 4 3 5 
  2   5 3 6   8 8   
    6 4   7   1     
3 8   2   4 8 2 9 2 
1   9 7 9 9   3 2 * 
  5 6 5 5 6   2 7 5 
7 8   7 8 1 7 9     

Step 30:
3 5 7   3 7   4 6 4 
  2 5   7 6   9 4 9 
  4 2 3   7   9   3 
3   6 3 2 4 2 4 3 5 
  2   5 3 6   8 8   
    6 4   7   1     
3 8   2   4 8 2 9 2 
1   9 7 9 9   * 2   
  5 6 5 5 6   2 7 5 
7 8   7 8 1 7 9     

Step 31:
3 5 7   3 7   4 6 4 
  2 5   7 6   9 4 9 
  4 2 3   7   9   3 
3   6 3 2 4 2 4 3 5 
  2   5 3 6   8 8   
    6 4   7   1     
3 8   2   4 8 2 9 2 
1   9 7 9 9     2   
  5 6 5 5 6   2 7 5 
7 8   7 8 1 7 *     

Step 32:
3 5 7   3 7   4 6 4 
  2 5   7 6   9 4 9 
  4 2 3   7   9   3 
3   6 3 2 4 2 4 3 5 
  2   5 3 6   8 8   
    6 4   7   1     
3 8   2   4 8 2 9 2 
1   9 7 9 9     2   
  5 6 5 5 6   2 7 5 
* 8   7 8 1 7       

Step 33:
3 5 7   3 7   4 6 4 
  2 5   7 6   9 4 9 
  4 2 3   7   9   3 
3   6 3 2 4 2 4 3 5 
  2   5 3 *   8 8   
    6 4   7   1     
3 8   2   4 8 2 9 2 
1   9 7 9 9     2   
  5 6 5 5 6   2 7 5 
  8   7 8 1 7       

Step 34:
3 5 7   3 7   4 6 4 
  2 5   7 6   9 4 9 
  4 2 3   7   *   3 
3   6 3 2 4 2 4 3 5 
  2   5 3     8 8   
    6 4   7   1     
3 8   2   4 8 2 9 2 
1   9 7 9 9     2   
  5 6 5 5 6   2 7 5 
  8   7 8 1 7       

Step 35:
3 5 7   3 7   4 6 4 
  2 5   7 6   9 4 9 
  4 2 3   7       3 
3   6 3 2 4 2 4 3 5 
  2   5 3     8 8   
    6 4   7   1     
3 8   2   4 8 * 9 2 
1   9 7 9 9     2   
  5 6 5 5 6   2 7 5 
  8   7 8 1 7       

Step 36:
3 5 7   3 7   4 6 4 
  2 5   7 6   9 4 9 
  4 2 3   7       3 
3   6 3 2 4 2 4 3 5 
  2   5 3     8 8   
    6 4   7   1     
3 8   2   4 8   9 2 
1   9 7 9 9     2   
  5 6 5 5 6   2 7 * 
  8   7 8 1 7       

Step 37:
3 5 7   3 7   4 6 4 
  2 5   7 6   9 4 9 
  4 2 3   7       3 
3   6 3 2 4 2 4 3 5 
  2   5 3     8 8   
    6 4   7   1     
3 8   2   4 8   9 2 
1   9 7 9 9     2   
  5 * 5 5 6   2 7   
  8   7 8 1 7       

Step 38:
3 5 7   3 7   4 6 4 
  2 5   7 6   9 4 9 
  4 2 3   7       3 
3   6 3 2 4 2 4 3 5 
  2   5 3     8 8   
    6 4   7   1     
3 8   2   4 8   9 2 
1   9 7 9 9     2   
  5   5 5 6   * 7   
  8   7 8 1 7       

Step 39:
3 5 7   3 7   4 6 4 
  2 5   7 6   9 4 9 
  4 2 3   7       3 
3   6 3 2 4 2 4 3 5 
  2   5 3     8 8   
    6 4   7   1     
3 8   2   4 8   9 * 
1   9 7 9 9     2   
  5   5 5 6     7   
  8   7 8 1 7       

Step 40:
3 5 7   3 7   4 6 4 
  2 5   7 6   9 4 9 
  4 2 3   7       3 
3   6 3 2 4 2 4 3 5 
  2   5 3     8 8   
    6 4   7   1     
* 8   2   4 8   9   
1   9 7 9 9     2   
  5   5 5 6     7   
  8   7 8 1 7       

Step 41:
3 5 7   3 7   4 6 4 
  2 5   7 6   9 4 9 
  4 2 3   7       3 
3   6 3 2 4 2 4 3 5 
  2   5 3     8 8   
    6 4   7   1     
  8   2   4 8   *   
1   9 7 9 9     2   
  5   5 5 6     7   
  8   7 8 1 7       

Step 42:
3 5 7   3 7   4 6 4 
  2 5   7 6   9 4 9 
  4 2 3   7       3 
3   6 3 2 4 2 4 3 5 
  2   5 3     8 8   
    6 4   7   *     
  8   2   4 8       
1   9 7 9 9     2   
  5   5 5 6     7   
  8   7 8 1 7       

