Initial Board:
6 4 6 8 9 5 7 4 5 3 
8 8 5 9 8 8 1 6 2 3 
1 7 9 7 8 4 2 8 7 1 
5 6 9 1 6 3 5 5 2 7 
1 4 1 2 5 7 5 2 2 5 
3 4 8 3 9 6 6 9 9 4 
9 2 5 3 4 5 7 6 9 6 
3 * 8 5 4 9 2 7 9 4 
4 6 1 9 4 8 6 2 4 7 
4 4 6 6 1 9 9 6 9 9 

Step 1:
6 4 6 8 9 5 7 4 5 3 
8 8 5 9 8 8 1 6 2 3 
1 7 9 7 8 4 2 8 7 1 
5 6 9 1 6 3 5 5 2 7 
1 4 1 2 5 7 5 2 2 5 
3 * 8 3 9 6 6 9 9 4 
9 2 5 3 4 5 7 6 9 6 
3   8 5 4 9 2 7 9 4 
4 6 1 9 4 8 6 2 4 7 
4 4 6 6 1 9 9 6 9 9 

Step 2:
6 4 6 8 9 5 7 4 5 3 
8 * 5 9 8 8 1 6 2 3 
1 7 9 7 8 4 2 8 7 1 
5 6 9 1 6 3 5 5 2 7 
1 4 1 2 5 7 5 2 2 5 
3   8 3 9 6 6 9 9 4 
9 2 5 3 4 5 7 6 9 6 
3   8 5 4 9 2 7 9 4 
4 6 1 9 4 8 6 2 4 7 
4 4 6 6 1 9 9 6 9 9 

Step 3:
6 4 6 8 9 5 7 4 5 3 
8   5 9 8 8 1 6 2 3 
1 7 9 7 8 4 2 8 7 1 
5 6 9 1 6 3 5 5 2 7 
1 4 1 2 5 7 5 2 2 5 
3   8 3 9 6 6 9 9 4 
9 2 5 3 4 5 7 6 9 6 
3   8 5 4 9 2 7 9 4 
4 * 1 9 4 8 6 2 4 7 
4 4 6 6 1 9 9 6 9 9 

Step 4:
6 4 6 8 9 5 7 4 5 3 
8   5 9 8 8 1 6 2 3 
1 7 9 7 8 4 2 8 7 1 
5 6 9 1 6 3 5 5 2 7 
1 4 1 2 5 7 5 2 2 5 
3   8 3 9 6 6 9 9 4 
9 2 5 3 4 5 7 6 9 6 
3   8 5 4 9 2 7 9 4 
4   * 9 4 8 6 2 4 7 
4 4 6 6 1 9 9 6 9 9 

Step 5:
6 4 * 8 9 5 7 4 5 3 
8   5 9 8 8 1 6 2 3 
1 7 9 7 8 4 2 8 7 1 
5 6 9 1 6 3 5 5 2 7 
1 4 1 2 5 7 5 2 2 5 
3   8 3 9 6 6 9 9 4 
9 2 5 3 4 5 7 6 9 6 
3   8 5 4 9 2 7 9 4 
4     9 4 8 6 2 4 7 
4 4 6 6 1 9 9 6 9 9 

Step 6:
6 4   8 9 5 7 4 5 3 
8   5 9 8 8 1 6 2 3 
1 7 9 7 8 4 2 8 7 1 
5 6 9 1 6 3 5 5 2 7 
1 4 1 2 5 7 5 2 2 5 
3   * 3 9 6 6 9 9 4 
9 2 5 3 4 5 7 6 9 6 
3   8 5 4 9 2 7 9 4 
4     9 4 8 6 2 4 7 
4 4 6 6 1 9 9 6 9 9 

Step 7:
6 4   8 9 5 7 4 5 3 
8   5 9 8 8 1 6 2 3 
1 7 9 7 8 4 2 8 7 1 
5 6 9 1 6 3 5 5 2 7 
1 4 * 2 5 7 5 2 2 5 
3     3 9 6 6 9 9 4 
9 2 5 3 4 5 7 6 9 6 
3   8 5 4 9 2 7 9 4 
4     9 4 8 6 2 4 7 
4 4 6 6 1 9 9 6 9 9 

Step 8:
6 4   8 9 5 7 4 5 3 
8   5 9 8 8 1 6 2 3 
1 7 9 7 8 4 2 8 7 1 
5 6 9 1 6 3 5 5 2 7 
1 4   2 * 7 5 2 2 5 
3     3 9 6 6 9 9 4 
9 2 5 3 4 5 7 6 9 6 
3   8 5 4 9 2 7 9 4 
4     9 4 8 6 2 4 7 
4 4 6 6 1 9 9 6 9 9 

Step 9:
6 4   8 9 5 7 4 5 3 
8   5 9 8 8 1 6 2 3 
1 7 9 7 8 4 2 8 7 1 
5 6 9 * 6 3 5 5 2 7 
1 4   2   7 5 2 2 5 
3     3 9 6 6 9 9 4 
9 2 5 3 4 5 7 6 9 6 
3   8 5 4 9 2 7 9 4 
4     9 4 8 6 2 4 7 
4 4 6 6 1 9 9 6 9 9 

Step 10:
6 4   8 9 5 7 4 5 3 
8   5 9 8 8 1 6 2 3 
1 7 9 7 8 4 2 8 7 1 
5 6 9   6 3 5 5 2 7 
1 4   2   7 5 2 2 5 
3     * 9 6 6 9 9 4 
9 2 5 3 4 5 7 6 9 6 
3   8 5 4 9 2 7 9 4 
4     9 4 8 6 2 4 7 
4 4 6 6 1 9 9 6 9 9 

Step 11:
6 4   8 9 5 7 4 5 3 
8   5 9 8 8 1 6 2 3 
1 7 9 7 8 4 2 8 7 1 
5 6 9   6 3 5 5 2 7 
1 4   2   7 5 2 2 5 
3       9 6 6 9 9 4 
9 2 5 3 4 5 7 6 9 6 
3   8 5 4 9 2 7 9 4 
4     * 4 8 6 2 4 7 
4 4 6 6 1 9 9 6 9 9 

Step 12:
6 4   8 9 5 7 4 5 3 
8   5 9 8 8 1 6 2 3 
1 7 9 7 8 4 2 8 7 1 
5 6 9   6 3 5 5 2 7 
1 4   2   7 5 2 2 5 
3       9 6 6 9 9 4 
9 2 5 3 4 5 7 6 9 6 
3   8 5 4 9 2 7 9 4 
4       4 8 6 * 4 7 
4 4 6 6 1 9 9 6 9 9 

Step 13:
6 4   8 9 5 7 4 5 3 
8   5 9 8 8 1 * 2 3 
1 7 9 7 8 4 2 8 7 1 
5 6 9   6 3 5 5 2 7 
1 4   2   7 5 2 2 5 
3       9 6 6 9 9 4 
9 2 5 3 4 5 7 6 9 6 
3   8 5 4 9 2 7 9 4 
4       4 8 6   4 7 
4 4 6 6 1 9 9 6 9 9 

Step 14:
6 4   8 9 5 7 4 5 3 
8   5 9 8 8 1   2 3 
1 7 9 7 8 4 2 8 7 1 
5 6 9   6 3 5 5 2 7 
1 4   2   7 5 2 2 5 
3       9 6 6 9 9 4 
9 2 5 3 4 5 7 6 9 6 
3   8 5 4 9 2 7 9 4 
4       4 8 6   4 7 
4 4 6 6 1 9 9 * 9 9 

Step 15:
6 4   8 9 5 7 4 5 3 
8   5 9 8 8 1   2 3 
1 7 9 7 8 4 2 8 7 1 
5 * 9   6 3 5 5 2 7 
1 4   2   7 5 2 2 5 
3       9 6 6 9 9 4 
9 2 5 3 4 5 7 6 9 6 
3   8 5 4 9 2 7 9 4 
4       4 8 6   4 7 
4 4 6 6 1 9 9   9 9 

Step 16:
6 4   8 9 5 7 4 5 3 
8   5 9 8 8 1   2 3 
* 7 9 7 8 4 2 8 7 1 
5   9   6 3 5 5 2 7 
1 4   2   7 5 2 2 5 
3       9 6 6 9 9 4 
9 2 5 3 4 5 7 6 9 6 
3   8 5 4 9 2 7 9 4 
4       4 8 6   4 7 
4 4 6 6 1 9 9   9 9 

Step 17:
6 4   8 9 5 7 4 5 3 
8   5 9 8 8 1   2 3 
  7 9 7 8 4 2 8 7 1 
5   9   6 3 5 5 2 7 
1 4   2   7 5 2 2 5 
3       9 6 6 9 9 4 
9 2 5 3 4 5 7 6 9 6 
*   8 5 4 9 2 7 9 4 
4       4 8 6   4 7 
4 4 6 6 1 9 9   9 9 

