Initial Board:
7 9 3 4 2 4 1 3 8 5 8 1 1 6 4 2 4 6 1 7 9 8 9 9 7 
4 9 6 3 6 6 6 8 8 1 4 1 6 9 5 7 3 3 4 8 7 1 2 9 7 
5 8 6 4 6 5 6 7 9 6 8 1 6 3 3 1 5 5 7 1 2 8 4 1 1 
9 3 2 7 9 8 1 9 9 9 4 7 1 2 5 7 7 3 4 8 7 4 8 6 9 
7 2 3 3 4 1 6 9 7 5 9 1 5 1 7 5 6 5 5 5 1 1 2 1 3 
4 8 2 7 7 5 9 9 8 9 8 7 4 6 3 4 3 8 6 4 7 6 8 1 3 
5 4 7 5 4 9 8 9 5 7 2 8 4 4 4 5 8 6 6 8 3 7 6 3 7 
1 6 9 6 2 3 6 1 7 4 5 5 1 7 9 4 1 4 9 5 5 8 2 2 8 
7 8 6 8 9 4 9 6 6 8 4 2 4 5 3 7 6 5 8 7 3 3 9 4 4 
1 1 6 8 3 6 7 8 5 7 6 1 7 8 5 9 5 1 4 5 4 3 1 4 4 
8 6 3 8 1 7 2 8 7 3 3 8 7 8 2 2 4 5 9 4 5 9 8 8 6 
3 5 2 9 1 4 3 7 6 6 7 9 2 1 7 1 5 5 5 2 6 6 5 6 2 
8 4 5 6 8 9 9 * 4 2 7 1 1 3 1 7 3 7 5 2 7 4 3 5 9 
5 7 7 6 2 4 6 3 2 5 5 2 5 7 7 4 7 9 6 1 4 9 7 7 3 
9 2 3 8 5 3 7 8 5 9 3 7 5 9 7 6 1 2 9 5 3 2 2 4 9 
5 6 3 7 6 6 2 3 9 7 3 2 2 2 1 2 6 8 9 5 3 6 9 3 4 
3 5 6 8 2 8 6 2 2 7 6 2 9 9 8 3 6 3 8 1 5 1 1 6 2 
9 3 3 4 2 3 8 2 6 1 7 3 3 8 6 5 5 8 5 7 7 6 2 4 7 
3 7 8 5 5 1 9 4 7 5 1 5 9 3 4 5 6 5 8 7 3 4 6 6 5 
6 1 1 6 2 6 3 1 5 6 1 6 5 3 5 3 7 5 3 5 1 3 6 4 9 
7 4 4 3 9 3 5 8 8 8 5 1 6 9 4 2 8 8 2 8 4 8 1 2 8 
7 9 8 2 2 1 8 9 9 5 1 5 9 4 5 4 8 4 3 1 5 4 2 6 7 
7 6 4 9 6 5 5 9 9 3 5 8 9 1 8 7 4 3 8 5 3 3 9 3 4 
9 5 1 5 1 3 2 9 4 6 1 3 7 9 8 6 1 6 6 8 8 6 3 3 9 
8 9 2 2 5 7 5 8 1 1 8 8 1 9 7 5 7 8 6 1 9 8 7 8 1 

Step 1:
7 9 3 4 2 4 1 3 8 5 8 1 1 6 4 2 4 6 1 7 9 8 9 9 7 
4 9 6 3 6 6 6 8 8 1 4 1 6 9 5 7 3 3 4 8 7 1 2 9 7 
5 8 6 4 6 5 6 7 9 6 8 1 6 3 3 1 5 5 7 1 2 8 4 1 1 
9 3 2 7 9 8 1 9 9 9 4 7 1 2 5 7 7 3 4 8 7 4 8 6 9 
7 2 3 3 4 1 6 9 7 5 9 1 5 1 7 5 6 5 5 5 1 1 2 1 3 
4 8 2 7 7 5 9 * 8 9 8 7 4 6 3 4 3 8 6 4 7 6 8 1 3 
5 4 7 5 4 9 8 9 5 7 2 8 4 4 4 5 8 6 6 8 3 7 6 3 7 
1 6 9 6 2 3 6 1 7 4 5 5 1 7 9 4 1 4 9 5 5 8 2 2 8 
7 8 6 8 9 4 9 6 6 8 4 2 4 5 3 7 6 5 8 7 3 3 9 4 4 
1 1 6 8 3 6 7 8 5 7 6 1 7 8 5 9 5 1 4 5 4 3 1 4 4 
8 6 3 8 1 7 2 8 7 3 3 8 7 8 2 2 4 5 9 4 5 9 8 8 6 
3 5 2 9 1 4 3 7 6 6 7 9 2 1 7 1 5 5 5 2 6 6 5 6 2 
8 4 5 6 8 9 9   4 2 7 1 1 3 1 7 3 7 5 2 7 4 3 5 9 
5 7 7 6 2 4 6 3 2 5 5 2 5 7 7 4 7 9 6 1 4 9 7 7 3 
9 2 3 8 5 3 7 8 5 9 3 7 5 9 7 6 1 2 9 5 3 2 2 4 9 
5 6 3 7 6 6 2 3 9 7 3 2 2 2 1 2 6 8 9 5 3 6 9 3 4 
3 5 6 8 2 8 6 2 2 7 6 2 9 9 8 3 6 3 8 1 5 1 1 6 2 
9 3 3 4 2 3 8 2 6 1 7 3 3 8 6 5 5 8 5 7 7 6 2 4 7 
3 7 8 5 5 1 9 4 7 5 1 5 9 3 4 5 6 5 8 7 3 4 6 6 5 
6 1 1 6 2 6 3 1 5 6 1 6 5 3 5 3 7 5 3 5 1 3 6 4 9 
7 4 4 3 9 3 5 8 8 8 5 1 6 9 4 2 8 8 2 8 4 8 1 2 8 
7 9 8 2 2 1 8 9 9 5 1 5 9 4 5 4 8 4 3 1 5 4 2 6 7 
7 6 4 9 6 5 5 9 9 3 5 8 9 1 8 7 4 3 8 5 3 3 9 3 4 
9 5 1 5 1 3 2 9 4 6 1 3 7 9 8 6 1 6 6 8 8 6 3 3 9 
8 9 2 2 5 7 5 8 1 1 8 8 1 9 7 5 7 8 6 1 9 8 7 8 1 

Step 2:
7 9 3 4 2 4 1 3 8 5 8 1 1 6 4 2 4 6 1 7 9 8 9 9 7 
4 9 6 3 6 6 6 8 8 1 4 1 6 9 5 7 3 3 4 8 7 1 2 9 7 
5 8 6 4 6 5 6 7 9 6 8 1 6 3 3 1 5 5 7 1 2 8 4 1 1 
9 3 2 7 9 8 1 9 9 9 4 7 1 2 5 7 7 3 4 8 7 4 8 6 9 
7 2 3 3 4 1 6 9 7 5 9 1 5 1 7 5 6 5 5 5 1 1 2 1 3 
4 8 2 7 7 5 9   8 9 8 7 4 6 3 4 3 8 6 4 7 6 8 1 3 
5 4 7 5 4 9 8 9 5 7 2 8 4 4 4 5 8 6 6 8 3 7 6 3 7 
1 6 9 6 2 3 6 1 7 4 5 5 1 7 9 4 1 4 9 5 5 8 2 2 8 
7 8 6 8 9 4 9 6 6 8 4 2 4 5 3 7 6 5 8 7 3 3 9 4 4 
1 1 6 8 3 6 7 8 5 7 6 1 7 8 5 9 5 1 4 5 4 3 1 4 4 
8 6 3 8 1 7 2 8 7 3 3 8 7 8 2 2 4 5 9 4 5 9 8 8 6 
3 5 2 9 1 4 3 7 6 6 7 9 2 1 7 1 5 5 5 2 6 6 5 6 2 
8 4 5 6 8 9 9   4 2 7 1 1 3 1 7 3 7 5 2 7 4 3 5 9 
5 7 7 6 2 4 6 3 2 5 5 2 5 7 7 4 7 9 6 1 4 9 7 7 3 
9 2 3 8 5 3 7 * 5 9 3 7 5 9 7 6 1 2 9 5 3 2 2 4 9 
5 6 3 7 6 6 2 3 9 7 3 2 2 2 1 2 6 8 9 5 3 6 9 3 4 
3 5 6 8 2 8 6 2 2 7 6 2 9 9 8 3 6 3 8 1 5 1 1 6 2 
9 3 3 4 2 3 8 2 6 1 7 3 3 8 6 5 5 8 5 7 7 6 2 4 7 
3 7 8 5 5 1 9 4 7 5 1 5 9 3 4 5 6 5 8 7 3 4 6 6 5 
6 1 1 6 2 6 3 1 5 6 1 6 5 3 5 3 7 5 3 5 1 3 6 4 9 
7 4 4 3 9 3 5 8 8 8 5 1 6 9 4 2 8 8 2 8 4 8 1 2 8 
7 9 8 2 2 1 8 9 9 5 1 5 9 4 5 4 8 4 3 1 5 4 2 6 7 
7 6 4 9 6 5 5 9 9 3 5 8 9 1 8 7 4 3 8 5 3 3 9 3 4 
9 5 1 5 1 3 2 9 4 6 1 3 7 9 8 6 1 6 6 8 8 6 3 3 9 
8 9 2 2 5 7 5 8 1 1 8 8 1 9 7 5 7 8 6 1 9 8 7 8 1 

Step 3:
7 9 3 4 2 4 1 3 8 5 8 1 1 6 4 2 4 6 1 7 9 8 9 9 7 
4 9 6 3 6 6 6 8 8 1 4 1 6 9 5 7 3 3 4 8 7 1 2 9 7 
5 8 6 4 6 5 6 7 9 6 8 1 6 3 3 1 5 5 7 1 2 8 4 1 1 
9 3 2 7 9 8 1 9 9 9 4 7 1 2 5 7 7 3 4 8 7 4 8 6 9 
7 2 3 3 4 1 6 9 7 5 9 1 5 1 7 5 6 5 5 5 1 1 2 1 3 
4 8 2 7 7 5 9   8 9 8 7 4 6 3 4 3 8 6 4 7 6 8 1 3 
5 4 7 5 4 9 8 9 5 7 2 8 4 4 4 5 8 6 6 8 3 7 6 3 7 
1 6 9 6 2 3 6 1 7 4 5 5 1 7 9 4 1 4 9 5 5 8 2 2 8 
7 8 6 8 9 4 9 6 6 8 4 2 4 5 3 7 6 5 8 7 3 3 9 4 4 
1 1 6 8 3 6 7 8 5 7 6 1 7 8 5 9 5 1 4 5 4 3 1 4 4 
8 6 3 8 1 7 2 8 7 3 3 8 7 8 2 2 4 5 9 4 5 9 8 8 6 
3 5 2 9 1 4 3 * 6 6 7 9 2 1 7 1 5 5 5 2 6 6 5 6 2 
8 4 5 6 8 9 9   4 2 7 1 1 3 1 7 3 7 5 2 7 4 3 5 9 
5 7 7 6 2 4 6 3 2 5 5 2 5 7 7 4 7 9 6 1 4 9 7 7 3 
9 2 3 8 5 3 7   5 9 3 7 5 9 7 6 1 2 9 5 3 2 2 4 9 
5 6 3 7 6 6 2 3 9 7 3 2 2 2 1 2 6 8 9 5 3 6 9 3 4 
3 5 6 8 2 8 6 2 2 7 6 2 9 9 8 3 6 3 8 1 5 1 1 6 2 
9 3 3 4 2 3 8 2 6 1 7 3 3 8 6 5 5 8 5 7 7 6 2 4 7 
3 7 8 5 5 1 9 4 7 5 1 5 9 3 4 5 6 5 8 7 3 4 6 6 5 
6 1 1 6 2 6 3 1 5 6 1 6 5 3 5 3 7 5 3 5 1 3 6 4 9 
7 4 4 3 9 3 5 8 8 8 5 1 6 9 4 2 8 8 2 8 4 8 1 2 8 
7 9 8 2 2 1 8 9 9 5 1 5 9 4 5 4 8 4 3 1 5 4 2 6 7 
7 6 4 9 6 5 5 9 9 3 5 8 9 1 8 7 4 3 8 5 3 3 9 3 4 
9 5 1 5 1 3 2 9 4 6 1 3 7 9 8 6 1 6 6 8 8 6 3 3 9 
8 9 2 2 5 7 5 8 1 1 8 8 1 9 7 5 7 8 6 1 9 8 7 8 1 

Step 4:
7 9 3 4 2 4 1 3 8 5 8 1 1 6 4 2 4 6 1 7 9 8 9 9 7 
4 9 6 3 6 6 6 8 8 1 4 1 6 9 5 7 3 3 4 8 7 1 2 9 7 
5 8 6 4 6 5 6 7 9 6 8 1 6 3 3 1 5 5 7 1 2 8 4 1 1 
9 3 2 7 9 8 1 * 9 9 4 7 1 2 5 7 7 3 4 8 7 4 8 6 9 
7 2 3 3 4 1 6 9 7 5 9 1 5 1 7 5 6 5 5 5 1 1 2 1 3 
4 8 2 7 7 5 9   8 9 8 7 4 6 3 4 3 8 6 4 7 6 8 1 3 
5 4 7 5 4 9 8 9 5 7 2 8 4 4 4 5 8 6 6 8 3 7 6 3 7 
1 6 9 6 2 3 6 1 7 4 5 5 1 7 9 4 1 4 9 5 5 8 2 2 8 
7 8 6 8 9 4 9 6 6 8 4 2 4 5 3 7 6 5 8 7 3 3 9 4 4 
1 1 6 8 3 6 7 8 5 7 6 1 7 8 5 9 5 1 4 5 4 3 1 4 4 
8 6 3 8 1 7 2 8 7 3 3 8 7 8 2 2 4 5 9 4 5 9 8 8 6 
3 5 2 9 1 4 3   6 6 7 9 2 1 7 1 5 5 5 2 6 6 5 6 2 
8 4 5 6 8 9 9   4 2 7 1 1 3 1 7 3 7 5 2 7 4 3 5 9 
5 7 7 6 2 4 6 3 2 5 5 2 5 7 7 4 7 9 6 1 4 9 7 7 3 
9 2 3 8 5 3 7   5 9 3 7 5 9 7 6 1 2 9 5 3 2 2 4 9 
5 6 3 7 6 6 2 3 9 7 3 2 2 2 1 2 6 8 9 5 3 6 9 3 4 
3 5 6 8 2 8 6 2 2 7 6 2 9 9 8 3 6 3 8 1 5 1 1 6 2 
9 3 3 4 2 3 8 2 6 1 7 3 3 8 6 5 5 8 5 7 7 6 2 4 7 
3 7 8 5 5 1 9 4 7 5 1 5 9 3 4 5 6 5 8 7 3 4 6 6 5 
6 1 1 6 2 6 3 1 5 6 1 6 5 3 5 3 7 5 3 5 1 3 6 4 9 
7 4 4 3 9 3 5 8 8 8 5 1 6 9 4 2 8 8 2 8 4 8 1 2 8 
7 9 8 2 2 1 8 9 9 5 1 5 9 4 5 4 8 4 3 1 5 4 2 6 7 
7 6 4 9 6 5 5 9 9 3 5 8 9 1 8 7 4 3 8 5 3 3 9 3 4 
9 5 1 5 1 3 2 9 4 6 1 3 7 9 8 6 1 6 6 8 8 6 3 3 9 
8 9 2 2 5 7 5 8 1 1 8 8 1 9 7 5 7 8 6 1 9 8 7 8 1 

Step 5:
7 9 3 4 2 4 1 3 8 5 8 1 1 6 4 2 4 6 1 7 9 8 9 9 7 
4 9 6 3 6 6 6 8 8 1 4 1 6 9 5 7 3 3 4 8 7 1 2 9 7 
5 8 6 4 6 5 6 7 9 6 8 1 6 3 3 1 5 5 7 1 2 8 4 1 1 
9 3 2 7 9 8 *   9 9 4 7 1 2 5 7 7 3 4 8 7 4 8 6 9 
7 2 3 3 4 1 6 9 7 5 9 1 5 1 7 5 6 5 5 5 1 1 2 1 3 
4 8 2 7 7 5 9   8 9 8 7 4 6 3 4 3 8 6 4 7 6 8 1 3 
5 4 7 5 4 9 8 9 5 7 2 8 4 4 4 5 8 6 6 8 3 7 6 3 7 
1 6 9 6 2 3 6 1 7 4 5 5 1 7 9 4 1 4 9 5 5 8 2 2 8 
7 8 6 8 9 4 9 6 6 8 4 2 4 5 3 7 6 5 8 7 3 3 9 4 4 
1 1 6 8 3 6 7 8 5 7 6 1 7 8 5 9 5 1 4 5 4 3 1 4 4 
8 6 3 8 1 7 2 8 7 3 3 8 7 8 2 2 4 5 9 4 5 9 8 8 6 
3 5 2 9 1 4 3   6 6 7 9 2 1 7 1 5 5 5 2 6 6 5 6 2 
8 4 5 6 8 9 9   4 2 7 1 1 3 1 7 3 7 5 2 7 4 3 5 9 
5 7 7 6 2 4 6 3 2 5 5 2 5 7 7 4 7 9 6 1 4 9 7 7 3 
9 2 3 8 5 3 7   5 9 3 7 5 9 7 6 1 2 9 5 3 2 2 4 9 
5 6 3 7 6 6 2 3 9 7 3 2 2 2 1 2 6 8 9 5 3 6 9 3 4 
3 5 6 8 2 8 6 2 2 7 6 2 9 9 8 3 6 3 8 1 5 1 1 6 2 
9 3 3 4 2 3 8 2 6 1 7 3 3 8 6 5 5 8 5 7 7 6 2 4 7 
3 7 8 5 5 1 9 4 7 5 1 5 9 3 4 5 6 5 8 7 3 4 6 6 5 
6 1 1 6 2 6 3 1 5 6 1 6 5 3 5 3 7 5 3 5 1 3 6 4 9 
7 4 4 3 9 3 5 8 8 8 5 1 6 9 4 2 8 8 2 8 4 8 1 2 8 
7 9 8 2 2 1 8 9 9 5 1 5 9 4 5 4 8 4 3 1 5 4 2 6 7 
7 6 4 9 6 5 5 9 9 3 5 8 9 1 8 7 4 3 8 5 3 3 9 3 4 
9 5 1 5 1 3 2 9 4 6 1 3 7 9 8 6 1 6 6 8 8 6 3 3 9 
8 9 2 2 5 7 5 8 1 1 8 8 1 9 7 5 7 8 6 1 9 8 7 8 1 

Step 6:
7 9 3 4 2 4 1 3 8 5 8 1 1 6 4 2 4 6 1 7 9 8 9 9 7 
4 9 6 3 6 6 6 8 8 1 4 1 6 9 5 7 3 3 4 8 7 1 2 9 7 
5 8 6 4 6 5 6 7 9 6 8 1 6 3 3 1 5 5 7 1 2 8 4 1 1 
9 3 2 7 9 8     9 9 4 7 1 2 5 7 7 3 4 8 7 4 8 6 9 
7 2 3 3 4 1 6 9 7 5 9 1 5 1 7 5 6 5 5 5 1 1 2 1 3 
4 8 2 7 7 5 9   8 9 8 7 4 6 3 4 3 8 6 4 7 6 8 1 3 
5 4 7 5 4 9 8 9 5 7 2 8 4 4 4 5 8 6 6 8 3 7 6 3 7 
1 6 9 6 2 3 6 1 7 4 5 5 1 7 9 4 1 4 9 5 5 8 2 2 8 
7 8 6 8 9 4 9 6 6 8 4 2 4 5 3 7 6 5 8 7 3 3 9 4 4 
1 1 6 8 3 6 * 8 5 7 6 1 7 8 5 9 5 1 4 5 4 3 1 4 4 
8 6 3 8 1 7 2 8 7 3 3 8 7 8 2 2 4 5 9 4 5 9 8 8 6 
3 5 2 9 1 4 3   6 6 7 9 2 1 7 1 5 5 5 2 6 6 5 6 2 
8 4 5 6 8 9 9   4 2 7 1 1 3 1 7 3 7 5 2 7 4 3 5 9 
5 7 7 6 2 4 6 3 2 5 5 2 5 7 7 4 7 9 6 1 4 9 7 7 3 
9 2 3 8 5 3 7   5 9 3 7 5 9 7 6 1 2 9 5 3 2 2 4 9 
5 6 3 7 6 6 2 3 9 7 3 2 2 2 1 2 6 8 9 5 3 6 9 3 4 
3 5 6 8 2 8 6 2 2 7 6 2 9 9 8 3 6 3 8 1 5 1 1 6 2 
9 3 3 4 2 3 8 2 6 1 7 3 3 8 6 5 5 8 5 7 7 6 2 4 7 
3 7 8 5 5 1 9 4 7 5 1 5 9 3 4 5 6 5 8 7 3 4 6 6 5 
6 1 1 6 2 6 3 1 5 6 1 6 5 3 5 3 7 5 3 5 1 3 6 4 9 
7 4 4 3 9 3 5 8 8 8 5 1 6 9 4 2 8 8 2 8 4 8 1 2 8 
7 9 8 2 2 1 8 9 9 5 1 5 9 4 5 4 8 4 3 1 5 4 2 6 7 
7 6 4 9 6 5 5 9 9 3 5 8 9 1 8 7 4 3 8 5 3 3 9 3 4 
9 5 1 5 1 3 2 9 4 6 1 3 7 9 8 6 1 6 6 8 8 6 3 3 9 
8 9 2 2 5 7 5 8 1 1 8 8 1 9 7 5 7 8 6 1 9 8 7 8 1 

Step 7:
7 9 3 4 2 4 * 3 8 5 8 1 1 6 4 2 4 6 1 7 9 8 9 9 7 
4 9 6 3 6 6 6 8 8 1 4 1 6 9 5 7 3 3 4 8 7 1 2 9 7 
5 8 6 4 6 5 6 7 9 6 8 1 6 3 3 1 5 5 7 1 2 8 4 1 1 
9 3 2 7 9 8     9 9 4 7 1 2 5 7 7 3 4 8 7 4 8 6 9 
7 2 3 3 4 1 6 9 7 5 9 1 5 1 7 5 6 5 5 5 1 1 2 1 3 
4 8 2 7 7 5 9   8 9 8 7 4 6 3 4 3 8 6 4 7 6 8 1 3 
5 4 7 5 4 9 8 9 5 7 2 8 4 4 4 5 8 6 6 8 3 7 6 3 7 
1 6 9 6 2 3 6 1 7 4 5 5 1 7 9 4 1 4 9 5 5 8 2 2 8 
7 8 6 8 9 4 9 6 6 8 4 2 4 5 3 7 6 5 8 7 3 3 9 4 4 
1 1 6 8 3 6   8 5 7 6 1 7 8 5 9 5 1 4 5 4 3 1 4 4 
8 6 3 8 1 7 2 8 7 3 3 8 7 8 2 2 4 5 9 4 5 9 8 8 6 
3 5 2 9 1 4 3   6 6 7 9 2 1 7 1 5 5 5 2 6 6 5 6 2 
8 4 5 6 8 9 9   4 2 7 1 1 3 1 7 3 7 5 2 7 4 3 5 9 
5 7 7 6 2 4 6 3 2 5 5 2 5 7 7 4 7 9 6 1 4 9 7 7 3 
9 2 3 8 5 3 7   5 9 3 7 5 9 7 6 1 2 9 5 3 2 2 4 9 
5 6 3 7 6 6 2 3 9 7 3 2 2 2 1 2 6 8 9 5 3 6 9 3 4 
3 5 6 8 2 8 6 2 2 7 6 2 9 9 8 3 6 3 8 1 5 1 1 6 2 
9 3 3 4 2 3 8 2 6 1 7 3 3 8 6 5 5 8 5 7 7 6 2 4 7 
3 7 8 5 5 1 9 4 7 5 1 5 9 3 4 5 6 5 8 7 3 4 6 6 5 
6 1 1 6 2 6 3 1 5 6 1 6 5 3 5 3 7 5 3 5 1 3 6 4 9 
7 4 4 3 9 3 5 8 8 8 5 1 6 9 4 2 8 8 2 8 4 8 1 2 8 
7 9 8 2 2 1 8 9 9 5 1 5 9 4 5 4 8 4 3 1 5 4 2 6 7 
7 6 4 9 6 5 5 9 9 3 5 8 9 1 8 7 4 3 8 5 3 3 9 3 4 
9 5 1 5 1 3 2 9 4 6 1 3 7 9 8 6 1 6 6 8 8 6 3 3 9 
8 9 2 2 5 7 5 8 1 1 8 8 1 9 7 5 7 8 6 1 9 8 7 8 1 

Step 8:
7 9 3 4 2 4   3 8 5 8 1 1 6 4 2 4 6 1 7 9 8 9 9 7 
4 9 6 3 6 6 6 8 8 1 4 1 6 9 5 7 3 3 4 8 7 1 2 9 7 
5 8 6 4 6 5 6 7 9 6 8 1 6 3 3 1 5 5 7 1 2 8 4 1 1 
9 3 2 7 9 8     9 9 4 7 1 2 5 7 7 3 4 8 7 4 8 6 9 
7 2 3 3 4 1 6 9 7 5 9 1 5 1 7 5 6 5 5 5 1 1 2 1 3 
4 8 2 7 7 5 9   8 9 8 7 4 6 3 4 3 8 6 4 7 6 8 1 3 
5 4 7 5 4 9 * 9 5 7 2 8 4 4 4 5 8 6 6 8 3 7 6 3 7 
1 6 9 6 2 3 6 1 7 4 5 5 1 7 9 4 1 4 9 5 5 8 2 2 8 
7 8 6 8 9 4 9 6 6 8 4 2 4 5 3 7 6 5 8 7 3 3 9 4 4 
1 1 6 8 3 6   8 5 7 6 1 7 8 5 9 5 1 4 5 4 3 1 4 4 
8 6 3 8 1 7 2 8 7 3 3 8 7 8 2 2 4 5 9 4 5 9 8 8 6 
3 5 2 9 1 4 3   6 6 7 9 2 1 7 1 5 5 5 2 6 6 5 6 2 
8 4 5 6 8 9 9   4 2 7 1 1 3 1 7 3 7 5 2 7 4 3 5 9 
5 7 7 6 2 4 6 3 2 5 5 2 5 7 7 4 7 9 6 1 4 9 7 7 3 
9 2 3 8 5 3 7   5 9 3 7 5 9 7 6 1 2 9 5 3 2 2 4 9 
5 6 3 7 6 6 2 3 9 7 3 2 2 2 1 2 6 8 9 5 3 6 9 3 4 
3 5 6 8 2 8 6 2 2 7 6 2 9 9 8 3 6 3 8 1 5 1 1 6 2 
9 3 3 4 2 3 8 2 6 1 7 3 3 8 6 5 5 8 5 7 7 6 2 4 7 
3 7 8 5 5 1 9 4 7 5 1 5 9 3 4 5 6 5 8 7 3 4 6 6 5 
6 1 1 6 2 6 3 1 5 6 1 6 5 3 5 3 7 5 3 5 1 3 6 4 9 
7 4 4 3 9 3 5 8 8 8 5 1 6 9 4 2 8 8 2 8 4 8 1 2 8 
7 9 8 2 2 1 8 9 9 5 1 5 9 4 5 4 8 4 3 1 5 4 2 6 7 
7 6 4 9 6 5 5 9 9 3 5 8 9 1 8 7 4 3 8 5 3 3 9 3 4 
9 5 1 5 1 3 2 9 4 6 1 3 7 9 8 6 1 6 6 8 8 6 3 3 9 
8 9 2 2 5 7 5 8 1 1 8 8 1 9 7 5 7 8 6 1 9 8 7 8 1 

Step 9:
7 9 3 4 2 4   3 8 5 8 1 1 6 4 2 4 6 1 7 9 8 9 9 7 
4 9 6 3 6 6 6 8 8 1 4 1 6 9 5 7 3 3 4 8 7 1 2 9 7 
5 8 6 4 6 5 6 7 9 6 8 1 6 3 3 1 5 5 7 1 2 8 4 1 1 
9 3 2 7 9 8     9 9 4 7 1 2 5 7 7 3 4 8 7 4 8 6 9 
7 2 3 3 4 1 6 9 7 5 9 1 5 1 7 5 6 5 5 5 1 1 2 1 3 
4 8 2 7 7 5 9   8 9 8 7 4 6 3 4 3 8 6 4 7 6 8 1 3 
5 4 7 5 4 9   9 5 7 2 8 4 4 4 5 8 6 6 8 3 7 6 3 7 
1 6 9 6 2 3 6 1 7 4 5 5 1 7 9 4 1 4 9 5 5 8 2 2 8 
7 8 6 8 9 4 9 6 6 8 4 2 4 5 3 7 6 5 8 7 3 3 9 4 4 
1 1 6 8 3 6   8 5 7 6 1 7 8 5 9 5 1 4 5 4 3 1 4 4 
8 6 3 8 1 7 2 8 7 3 3 8 7 8 2 2 4 5 9 4 5 9 8 8 6 
3 5 2 9 1 4 3   6 6 7 9 2 1 7 1 5 5 5 2 6 6 5 6 2 
8 4 5 6 8 9 *   4 2 7 1 1 3 1 7 3 7 5 2 7 4 3 5 9 
5 7 7 6 2 4 6 3 2 5 5 2 5 7 7 4 7 9 6 1 4 9 7 7 3 
9 2 3 8 5 3 7   5 9 3 7 5 9 7 6 1 2 9 5 3 2 2 4 9 
5 6 3 7 6 6 2 3 9 7 3 2 2 2 1 2 6 8 9 5 3 6 9 3 4 
3 5 6 8 2 8 6 2 2 7 6 2 9 9 8 3 6 3 8 1 5 1 1 6 2 
9 3 3 4 2 3 8 2 6 1 7 3 3 8 6 5 5 8 5 7 7 6 2 4 7 
3 7 8 5 5 1 9 4 7 5 1 5 9 3 4 5 6 5 8 7 3 4 6 6 5 
6 1 1 6 2 6 3 1 5 6 1 6 5 3 5 3 7 5 3 5 1 3 6 4 9 
7 4 4 3 9 3 5 8 8 8 5 1 6 9 4 2 8 8 2 8 4 8 1 2 8 
7 9 8 2 2 1 8 9 9 5 1 5 9 4 5 4 8 4 3 1 5 4 2 6 7 
7 6 4 9 6 5 5 9 9 3 5 8 9 1 8 7 4 3 8 5 3 3 9 3 4 
9 5 1 5 1 3 2 9 4 6 1 3 7 9 8 6 1 6 6 8 8 6 3 3 9 
8 9 2 2 5 7 5 8 1 1 8 8 1 9 7 5 7 8 6 1 9 8 7 8 1 

Step 10:
7 9 3 4 2 4   3 8 5 8 1 1 6 4 2 4 6 1 7 9 8 9 9 7 
4 9 6 3 6 6 6 8 8 1 4 1 6 9 5 7 3 3 4 8 7 1 2 9 7 
5 8 6 4 6 5 6 7 9 6 8 1 6 3 3 1 5 5 7 1 2 8 4 1 1 
9 3 2 7 9 8     9 9 4 7 1 2 5 7 7 3 4 8 7 4 8 6 9 
7 2 3 3 4 1 6 9 7 5 9 1 5 1 7 5 6 5 5 5 1 1 2 1 3 
4 8 2 7 7 5 9   8 9 8 7 4 6 3 4 3 8 6 4 7 6 8 1 3 
5 4 7 5 4 9   9 5 7 2 8 4 4 4 5 8 6 6 8 3 7 6 3 7 
1 6 9 6 2 3 6 1 7 4 5 5 1 7 9 4 1 4 9 5 5 8 2 2 8 
7 8 6 8 9 4 9 6 6 8 4 2 4 5 3 7 6 5 8 7 3 3 9 4 4 
1 1 6 8 3 6   8 5 7 6 1 7 8 5 9 5 1 4 5 4 3 1 4 4 
8 6 3 8 1 7 2 8 7 3 3 8 7 8 2 2 4 5 9 4 5 9 8 8 6 
3 5 2 9 1 4 3   6 6 7 9 2 1 7 1 5 5 5 2 6 6 5 6 2 
8 4 5 6 8 9     4 2 7 1 1 3 1 7 3 7 5 2 7 4 3 5 9 
5 7 7 6 2 4 6 3 2 5 5 2 5 7 7 4 7 9 6 1 4 9 7 7 3 
9 2 3 8 5 3 7   5 9 3 7 5 9 7 6 1 2 9 5 3 2 2 4 9 
5 6 3 7 6 6 2 3 9 7 3 2 2 2 1 2 6 8 9 5 3 6 9 3 4 
3 5 6 8 2 8 6 2 2 7 6 2 9 9 8 3 6 3 8 1 5 1 1 6 2 
9 3 3 4 2 3 8 2 6 1 7 3 3 8 6 5 5 8 5 7 7 6 2 4 7 
3 7 8 5 5 1 * 4 7 5 1 5 9 3 4 5 6 5 8 7 3 4 6 6 5 
6 1 1 6 2 6 3 1 5 6 1 6 5 3 5 3 7 5 3 5 1 3 6 4 9 
7 4 4 3 9 3 5 8 8 8 5 1 6 9 4 2 8 8 2 8 4 8 1 2 8 
7 9 8 2 2 1 8 9 9 5 1 5 9 4 5 4 8 4 3 1 5 4 2 6 7 
7 6 4 9 6 5 5 9 9 3 5 8 9 1 8 7 4 3 8 5 3 3 9 3 4 
9 5 1 5 1 3 2 9 4 6 1 3 7 9 8 6 1 6 6 8 8 6 3 3 9 
8 9 2 2 5 7 5 8 1 1 8 8 1 9 7 5 7 8 6 1 9 8 7 8 1 

Step 11:
7 9 3 4 2 4   3 8 5 8 1 1 6 4 2 4 6 1 7 9 8 9 9 7 
4 9 6 3 6 6 6 8 8 1 4 1 6 9 5 7 3 3 4 8 7 1 2 9 7 
5 8 6 4 6 5 6 7 9 6 8 1 6 3 3 1 5 5 7 1 2 8 4 1 1 
9 3 2 7 9 8     9 9 4 7 1 2 5 7 7 3 4 8 7 4 8 6 9 
7 2 3 3 4 1 6 9 7 5 9 1 5 1 7 5 6 5 5 5 1 1 2 1 3 
4 8 2 7 7 5 9   8 9 8 7 4 6 3 4 3 8 6 4 7 6 8 1 3 
5 4 7 5 4 9   9 5 7 2 8 4 4 4 5 8 6 6 8 3 7 6 3 7 
1 6 9 6 2 3 6 1 7 4 5 5 1 7 9 4 1 4 9 5 5 8 2 2 8 
7 8 6 8 9 4 9 6 6 8 4 2 4 5 3 7 6 5 8 7 3 3 9 4 4 
1 1 6 8 3 6   8 5 7 6 1 7 8 5 9 5 1 4 5 4 3 1 4 4 
8 6 3 8 1 7 * 8 7 3 3 8 7 8 2 2 4 5 9 4 5 9 8 8 6 
3 5 2 9 1 4 3   6 6 7 9 2 1 7 1 5 5 5 2 6 6 5 6 2 
8 4 5 6 8 9     4 2 7 1 1 3 1 7 3 7 5 2 7 4 3 5 9 
5 7 7 6 2 4 6 3 2 5 5 2 5 7 7 4 7 9 6 1 4 9 7 7 3 
9 2 3 8 5 3 7   5 9 3 7 5 9 7 6 1 2 9 5 3 2 2 4 9 
5 6 3 7 6 6 2 3 9 7 3 2 2 2 1 2 6 8 9 5 3 6 9 3 4 
3 5 6 8 2 8 6 2 2 7 6 2 9 9 8 3 6 3 8 1 5 1 1 6 2 
9 3 3 4 2 3 8 2 6 1 7 3 3 8 6 5 5 8 5 7 7 6 2 4 7 
3 7 8 5 5 1   4 7 5 1 5 9 3 4 5 6 5 8 7 3 4 6 6 5 
6 1 1 6 2 6 3 1 5 6 1 6 5 3 5 3 7 5 3 5 1 3 6 4 9 
7 4 4 3 9 3 5 8 8 8 5 1 6 9 4 2 8 8 2 8 4 8 1 2 8 
7 9 8 2 2 1 8 9 9 5 1 5 9 4 5 4 8 4 3 1 5 4 2 6 7 
7 6 4 9 6 5 5 9 9 3 5 8 9 1 8 7 4 3 8 5 3 3 9 3 4 
9 5 1 5 1 3 2 9 4 6 1 3 7 9 8 6 1 6 6 8 8 6 3 3 9 
8 9 2 2 5 7 5 8 1 1 8 8 1 9 7 5 7 8 6 1 9 8 7 8 1 

Step 12:
7 9 3 4 2 4   3 8 5 8 1 1 6 4 2 4 6 1 7 9 8 9 9 7 
4 9 6 3 6 6 6 8 8 1 4 1 6 9 5 7 3 3 4 8 7 1 2 9 7 
5 8 6 4 6 5 6 7 9 6 8 1 6 3 3 1 5 5 7 1 2 8 4 1 1 
9 3 2 7 9 8     9 9 4 7 1 2 5 7 7 3 4 8 7 4 8 6 9 
7 2 3 3 4 1 6 9 7 5 9 1 5 1 7 5 6 5 5 5 1 1 2 1 3 
4 8 2 7 7 5 9   8 9 8 7 4 6 3 4 3 8 6 4 7 6 8 1 3 
5 4 7 5 4 9   9 5 7 2 8 4 4 4 5 8 6 6 8 3 7 6 3 7 
1 6 9 6 2 3 6 1 7 4 5 5 1 7 9 4 1 4 9 5 5 8 2 2 8 
7 8 6 8 9 4 9 6 6 8 4 2 4 5 3 7 6 5 8 7 3 3 9 4 4 
1 1 6 8 3 6   8 5 7 6 1 7 8 5 9 5 1 4 5 4 3 1 4 4 
8 6 3 8 1 7   8 7 3 3 8 7 8 2 2 4 5 9 4 5 9 8 8 6 
3 5 2 9 1 4 3   6 6 7 9 2 1 7 1 5 5 5 2 6 6 5 6 2 
8 4 5 6 8 9     4 2 7 1 1 3 1 7 3 7 5 2 7 4 3 5 9 
5 7 7 6 2 4 * 3 2 5 5 2 5 7 7 4 7 9 6 1 4 9 7 7 3 
9 2 3 8 5 3 7   5 9 3 7 5 9 7 6 1 2 9 5 3 2 2 4 9 
5 6 3 7 6 6 2 3 9 7 3 2 2 2 1 2 6 8 9 5 3 6 9 3 4 
3 5 6 8 2 8 6 2 2 7 6 2 9 9 8 3 6 3 8 1 5 1 1 6 2 
9 3 3 4 2 3 8 2 6 1 7 3 3 8 6 5 5 8 5 7 7 6 2 4 7 
3 7 8 5 5 1   4 7 5 1 5 9 3 4 5 6 5 8 7 3 4 6 6 5 
6 1 1 6 2 6 3 1 5 6 1 6 5 3 5 3 7 5 3 5 1 3 6 4 9 
7 4 4 3 9 3 5 8 8 8 5 1 6 9 4 2 8 8 2 8 4 8 1 2 8 
7 9 8 2 2 1 8 9 9 5 1 5 9 4 5 4 8 4 3 1 5 4 2 6 7 
7 6 4 9 6 5 5 9 9 3 5 8 9 1 8 7 4 3 8 5 3 3 9 3 4 
9 5 1 5 1 3 2 9 4 6 1 3 7 9 8 6 1 6 6 8 8 6 3 3 9 
8 9 2 2 5 7 5 8 1 1 8 8 1 9 7 5 7 8 6 1 9 8 7 8 1 

Step 13:
7 9 3 4 2 4   3 8 5 8 1 1 6 4 2 4 6 1 7 9 8 9 9 7 
4 9 6 3 6 6 6 8 8 1 4 1 6 9 5 7 3 3 4 8 7 1 2 9 7 
5 8 6 4 6 5 6 7 9 6 8 1 6 3 3 1 5 5 7 1 2 8 4 1 1 
9 3 2 7 9 8     9 9 4 7 1 2 5 7 7 3 4 8 7 4 8 6 9 
7 2 3 3 4 1 6 9 7 5 9 1 5 1 7 5 6 5 5 5 1 1 2 1 3 
4 8 2 7 7 5 9   8 9 8 7 4 6 3 4 3 8 6 4 7 6 8 1 3 
5 4 7 5 4 9   9 5 7 2 8 4 4 4 5 8 6 6 8 3 7 6 3 7 
1 6 9 6 2 3 6 1 7 4 5 5 1 7 9 4 1 4 9 5 5 8 2 2 8 
7 8 6 8 9 4 9 6 6 8 4 2 4 5 3 7 6 5 8 7 3 3 9 4 4 
1 1 6 8 3 6   8 5 7 6 1 7 8 5 9 5 1 4 5 4 3 1 4 4 
8 6 3 8 1 7   8 7 3 3 8 7 8 2 2 4 5 9 4 5 9 8 8 6 
3 5 2 9 1 4 3   6 6 7 9 2 1 7 1 5 5 5 2 6 6 5 6 2 
8 4 5 6 8 9     4 2 7 1 1 3 1 7 3 7 5 2 7 4 3 5 9 
5 7 7 6 2 4   3 2 5 5 2 5 7 7 4 7 9 6 1 4 9 7 7 3 
9 2 3 8 5 3 7   5 9 3 7 5 9 7 6 1 2 9 5 3 2 2 4 9 
5 6 3 7 6 6 2 3 9 7 3 2 2 2 1 2 6 8 9 5 3 6 9 3 4 
3 5 6 8 2 8 6 2 2 7 6 2 9 9 8 3 6 3 8 1 5 1 1 6 2 
9 3 3 4 2 3 8 2 6 1 7 3 3 8 6 5 5 8 5 7 7 6 2 4 7 
3 7 8 5 5 1   4 7 5 1 5 9 3 4 5 6 5 8 7 3 4 6 6 5 
6 1 1 6 2 6 3 1 5 6 1 6 5 3 5 3 7 5 3 5 1 3 6 4 9 
7 4 4 3 9 3 * 8 8 8 5 1 6 9 4 2 8 8 2 8 4 8 1 2 8 
7 9 8 2 2 1 8 9 9 5 1 5 9 4 5 4 8 4 3 1 5 4 2 6 7 
7 6 4 9 6 5 5 9 9 3 5 8 9 1 8 7 4 3 8 5 3 3 9 3 4 
9 5 1 5 1 3 2 9 4 6 1 3 7 9 8 6 1 6 6 8 8 6 3 3 9 
8 9 2 2 5 7 5 8 1 1 8 8 1 9 7 5 7 8 6 1 9 8 7 8 1 

Step 14:
7 9 3 4 2 4   3 8 5 8 1 1 6 4 2 4 6 1 7 9 8 9 9 7 
4 9 6 3 6 6 6 8 8 1 4 1 6 9 5 7 3 3 4 8 7 1 2 9 7 
5 8 6 4 6 5 6 7 9 6 8 1 6 3 3 1 5 5 7 1 2 8 4 1 1 
9 3 2 7 9 8     9 9 4 7 1 2 5 7 7 3 4 8 7 4 8 6 9 
7 2 3 3 4 1 6 9 7 5 9 1 5 1 7 5 6 5 5 5 1 1 2 1 3 
4 8 2 7 7 5 9   8 9 8 7 4 6 3 4 3 8 6 4 7 6 8 1 3 
5 4 7 5 4 9   9 5 7 2 8 4 4 4 5 8 6 6 8 3 7 6 3 7 
1 6 9 6 2 3 6 1 7 4 5 5 1 7 9 4 1 4 9 5 5 8 2 2 8 
7 8 6 8 9 4 9 6 6 8 4 2 4 5 3 7 6 5 8 7 3 3 9 4 4 
1 1 6 8 3 6   8 5 7 6 1 7 8 5 9 5 1 4 5 4 3 1 4 4 
8 6 3 8 1 7   8 7 3 3 8 7 8 2 2 4 5 9 4 5 9 8 8 6 
3 5 2 9 1 4 3   6 6 7 9 2 1 7 1 5 5 5 2 6 6 5 6 2 
8 4 5 6 8 9     4 2 7 1 1 3 1 7 3 7 5 2 7 4 3 5 9 
5 7 7 6 2 4   3 2 5 5 2 5 7 7 4 7 9 6 1 4 9 7 7 3 
9 2 3 8 5 3 7   5 9 3 7 5 9 7 6 1 2 9 5 3 2 2 4 9 
5 6 3 7 6 6 2 3 9 7 3 2 2 2 1 2 6 8 9 5 3 6 9 3 4 
3 5 6 8 2 8 6 2 2 7 6 2 9 9 8 3 6 3 8 1 5 1 1 6 2 
9 3 3 4 2 3 * 2 6 1 7 3 3 8 6 5 5 8 5 7 7 6 2 4 7 
3 7 8 5 5 1   4 7 5 1 5 9 3 4 5 6 5 8 7 3 4 6 6 5 
6 1 1 6 2 6 3 1 5 6 1 6 5 3 5 3 7 5 3 5 1 3 6 4 9 
7 4 4 3 9 3   8 8 8 5 1 6 9 4 2 8 8 2 8 4 8 1 2 8 
7 9 8 2 2 1 8 9 9 5 1 5 9 4 5 4 8 4 3 1 5 4 2 6 7 
7 6 4 9 6 5 5 9 9 3 5 8 9 1 8 7 4 3 8 5 3 3 9 3 4 
9 5 1 5 1 3 2 9 4 6 1 3 7 9 8 6 1 6 6 8 8 6 3 3 9 
8 9 2 2 5 7 5 8 1 1 8 8 1 9 7 5 7 8 6 1 9 8 7 8 1 

Step 15:
7 9 3 4 2 4   3 8 5 8 1 1 6 4 2 4 6 1 7 9 8 9 9 7 
4 9 6 3 6 6 6 8 8 1 4 1 6 9 5 7 3 3 4 8 7 1 2 9 7 
5 8 6 4 6 5 6 7 9 6 8 1 6 3 3 1 5 5 7 1 2 8 4 1 1 
9 3 2 7 9 8     9 9 4 7 1 2 5 7 7 3 4 8 7 4 8 6 9 
7 2 3 3 4 1 6 9 7 5 9 1 5 1 7 5 6 5 5 5 1 1 2 1 3 
4 8 2 7 7 5 9   8 9 8 7 4 6 3 4 3 8 6 4 7 6 8 1 3 
5 4 7 5 4 9   9 5 7 2 8 4 4 4 5 8 6 6 8 3 7 6 3 7 
1 6 9 6 2 3 6 1 7 4 5 5 1 7 9 4 1 4 9 5 5 8 2 2 8 
7 8 6 8 9 4 9 6 6 8 4 2 4 5 3 7 6 5 8 7 3 3 9 4 4 
1 1 6 8 3 6   8 5 7 6 1 7 8 5 9 5 1 4 5 4 3 1 4 4 
8 6 3 8 1 7   8 7 3 3 8 7 8 2 2 4 5 9 4 5 9 8 8 6 
3 5 2 9 1 4 *   6 6 7 9 2 1 7 1 5 5 5 2 6 6 5 6 2 
8 4 5 6 8 9     4 2 7 1 1 3 1 7 3 7 5 2 7 4 3 5 9 
5 7 7 6 2 4   3 2 5 5 2 5 7 7 4 7 9 6 1 4 9 7 7 3 
9 2 3 8 5 3 7   5 9 3 7 5 9 7 6 1 2 9 5 3 2 2 4 9 
5 6 3 7 6 6 2 3 9 7 3 2 2 2 1 2 6 8 9 5 3 6 9 3 4 
3 5 6 8 2 8 6 2 2 7 6 2 9 9 8 3 6 3 8 1 5 1 1 6 2 
9 3 3 4 2 3   2 6 1 7 3 3 8 6 5 5 8 5 7 7 6 2 4 7 
3 7 8 5 5 1   4 7 5 1 5 9 3 4 5 6 5 8 7 3 4 6 6 5 
6 1 1 6 2 6 3 1 5 6 1 6 5 3 5 3 7 5 3 5 1 3 6 4 9 
7 4 4 3 9 3   8 8 8 5 1 6 9 4 2 8 8 2 8 4 8 1 2 8 
7 9 8 2 2 1 8 9 9 5 1 5 9 4 5 4 8 4 3 1 5 4 2 6 7 
7 6 4 9 6 5 5 9 9 3 5 8 9 1 8 7 4 3 8 5 3 3 9 3 4 
9 5 1 5 1 3 2 9 4 6 1 3 7 9 8 6 1 6 6 8 8 6 3 3 9 
8 9 2 2 5 7 5 8 1 1 8 8 1 9 7 5 7 8 6 1 9 8 7 8 1 

Step 16:
7 9 3 4 2 4   3 8 5 8 1 1 6 4 2 4 6 1 7 9 8 9 9 7 
4 9 6 3 6 6 6 8 8 1 4 1 6 9 5 7 3 3 4 8 7 1 2 9 7 
5 8 6 4 6 5 6 7 9 6 8 1 6 3 3 1 5 5 7 1 2 8 4 1 1 
9 3 2 7 9 8     9 9 4 7 1 2 5 7 7 3 4 8 7 4 8 6 9 
7 2 3 3 4 1 6 9 7 5 9 1 5 1 7 5 6 5 5 5 1 1 2 1 3 
4 8 2 7 7 5 9   8 9 8 7 4 6 3 4 3 8 6 4 7 6 8 1 3 
5 4 7 5 4 9   9 5 7 2 8 4 4 4 5 8 6 6 8 3 7 6 3 7 
1 6 9 6 2 3 6 1 7 4 5 5 1 7 9 4 1 4 9 5 5 8 2 2 8 
7 8 6 8 9 4 9 6 6 8 4 2 4 5 3 7 6 5 8 7 3 3 9 4 4 
1 1 6 8 3 6   8 5 7 6 1 7 8 5 9 5 1 4 5 4 3 1 4 4 
8 6 3 8 1 7   8 7 3 3 8 7 8 2 2 4 5 9 4 5 9 8 8 6 
3 5 * 9 1 4     6 6 7 9 2 1 7 1 5 5 5 2 6 6 5 6 2 
8 4 5 6 8 9     4 2 7 1 1 3 1 7 3 7 5 2 7 4 3 5 9 
5 7 7 6 2 4   3 2 5 5 2 5 7 7 4 7 9 6 1 4 9 7 7 3 
9 2 3 8 5 3 7   5 9 3 7 5 9 7 6 1 2 9 5 3 2 2 4 9 
5 6 3 7 6 6 2 3 9 7 3 2 2 2 1 2 6 8 9 5 3 6 9 3 4 
3 5 6 8 2 8 6 2 2 7 6 2 9 9 8 3 6 3 8 1 5 1 1 6 2 
9 3 3 4 2 3   2 6 1 7 3 3 8 6 5 5 8 5 7 7 6 2 4 7 
3 7 8 5 5 1   4 7 5 1 5 9 3 4 5 6 5 8 7 3 4 6 6 5 
6 1 1 6 2 6 3 1 5 6 1 6 5 3 5 3 7 5 3 5 1 3 6 4 9 
7 4 4 3 9 3   8 8 8 5 1 6 9 4 2 8 8 2 8 4 8 1 2 8 
7 9 8 2 2 1 8 9 9 5 1 5 9 4 5 4 8 4 3 1 5 4 2 6 7 
7 6 4 9 6 5 5 9 9 3 5 8 9 1 8 7 4 3 8 5 3 3 9 3 4 
9 5 1 5 1 3 2 9 4 6 1 3 7 9 8 6 1 6 6 8 8 6 3 3 9 
8 9 2 2 5 7 5 8 1 1 8 8 1 9 7 5 7 8 6 1 9 8 7 8 1 

Step 17:
7 9 3 4 2 4   3 8 5 8 1 1 6 4 2 4 6 1 7 9 8 9 9 7 
4 9 6 3 6 6 6 8 8 1 4 1 6 9 5 7 3 3 4 8 7 1 2 9 7 
5 8 6 4 6 5 6 7 9 6 8 1 6 3 3 1 5 5 7 1 2 8 4 1 1 
9 3 2 7 9 8     9 9 4 7 1 2 5 7 7 3 4 8 7 4 8 6 9 
7 2 3 3 4 1 6 9 7 5 9 1 5 1 7 5 6 5 5 5 1 1 2 1 3 
4 8 2 7 7 5 9   8 9 8 7 4 6 3 4 3 8 6 4 7 6 8 1 3 
5 4 7 5 4 9   9 5 7 2 8 4 4 4 5 8 6 6 8 3 7 6 3 7 
1 6 9 6 2 3 6 1 7 4 5 5 1 7 9 4 1 4 9 5 5 8 2 2 8 
7 8 * 8 9 4 9 6 6 8 4 2 4 5 3 7 6 5 8 7 3 3 9 4 4 
1 1 6 8 3 6   8 5 7 6 1 7 8 5 9 5 1 4 5 4 3 1 4 4 
8 6 3 8 1 7   8 7 3 3 8 7 8 2 2 4 5 9 4 5 9 8 8 6 
3 5   9 1 4     6 6 7 9 2 1 7 1 5 5 5 2 6 6 5 6 2 
8 4 5 6 8 9     4 2 7 1 1 3 1 7 3 7 5 2 7 4 3 5 9 
5 7 7 6 2 4   3 2 5 5 2 5 7 7 4 7 9 6 1 4 9 7 7 3 
9 2 3 8 5 3 7   5 9 3 7 5 9 7 6 1 2 9 5 3 2 2 4 9 
5 6 3 7 6 6 2 3 9 7 3 2 2 2 1 2 6 8 9 5 3 6 9 3 4 
3 5 6 8 2 8 6 2 2 7 6 2 9 9 8 3 6 3 8 1 5 1 1 6 2 
9 3 3 4 2 3   2 6 1 7 3 3 8 6 5 5 8 5 7 7 6 2 4 7 
3 7 8 5 5 1   4 7 5 1 5 9 3 4 5 6 5 8 7 3 4 6 6 5 
6 1 1 6 2 6 3 1 5 6 1 6 5 3 5 3 7 5 3 5 1 3 6 4 9 
7 4 4 3 9 3   8 8 8 5 1 6 9 4 2 8 8 2 8 4 8 1 2 8 
7 9 8 2 2 1 8 9 9 5 1 5 9 4 5 4 8 4 3 1 5 4 2 6 7 
7 6 4 9 6 5 5 9 9 3 5 8 9 1 8 7 4 3 8 5 3 3 9 3 4 
9 5 1 5 1 3 2 9 4 6 1 3 7 9 8 6 1 6 6 8 8 6 3 3 9 
8 9 2 2 5 7 5 8 1 1 8 8 1 9 7 5 7 8 6 1 9 8 7 8 1 

Step 18:
7 9 3 4 2 4   3 8 5 8 1 1 6 4 2 4 6 1 7 9 8 9 9 7 
4 9 6 3 6 6 6 8 8 1 4 1 6 9 5 7 3 3 4 8 7 1 2 9 7 
5 8 6 4 6 5 6 7 9 6 8 1 6 3 3 1 5 5 7 1 2 8 4 1 1 
9 3 2 7 9 8     9 9 4 7 1 2 5 7 7 3 4 8 7 4 8 6 9 
7 2 3 3 4 1 6 9 7 5 9 1 5 1 7 5 6 5 5 5 1 1 2 1 3 
4 8 2 7 7 5 9   8 9 8 7 4 6 3 4 3 8 6 4 7 6 8 1 3 
5 4 7 5 4 9   9 5 7 2 8 4 4 4 5 8 6 6 8 3 7 6 3 7 
1 6 9 6 2 3 6 1 7 4 5 5 1 7 9 4 1 4 9 5 5 8 2 2 8 
7 8   8 9 4 9 6 6 8 4 2 4 5 3 7 6 5 8 7 3 3 9 4 4 
1 1 6 8 3 6   8 5 7 6 1 7 8 5 9 5 1 4 5 4 3 1 4 4 
8 6 3 8 1 7   8 7 3 3 8 7 8 2 2 4 5 9 4 5 9 8 8 6 
3 5   9 1 4     6 6 7 9 2 1 7 1 5 5 5 2 6 6 5 6 2 
8 4 5 6 8 9     4 2 7 1 1 3 1 7 3 7 5 2 7 4 3 5 9 
5 7 7 6 2 4   3 2 5 5 2 5 7 7 4 7 9 6 1 4 9 7 7 3 
9 2 * 8 5 3 7   5 9 3 7 5 9 7 6 1 2 9 5 3 2 2 4 9 
5 6 3 7 6 6 2 3 9 7 3 2 2 2 1 2 6 8 9 5 3 6 9 3 4 
3 5 6 8 2 8 6 2 2 7 6 2 9 9 8 3 6 3 8 1 5 1 1 6 2 
9 3 3 4 2 3   2 6 1 7 3 3 8 6 5 5 8 5 7 7 6 2 4 7 
3 7 8 5 5 1   4 7 5 1 5 9 3 4 5 6 5 8 7 3 4 6 6 5 
6 1 1 6 2 6 3 1 5 6 1 6 5 3 5 3 7 5 3 5 1 3 6 4 9 
7 4 4 3 9 3   8 8 8 5 1 6 9 4 2 8 8 2 8 4 8 1 2 8 
7 9 8 2 2 1 8 9 9 5 1 5 9 4 5 4 8 4 3 1 5 4 2 6 7 
7 6 4 9 6 5 5 9 9 3 5 8 9 1 8 7 4 3 8 5 3 3 9 3 4 
9 5 1 5 1 3 2 9 4 6 1 3 7 9 8 6 1 6 6 8 8 6 3 3 9 
8 9 2 2 5 7 5 8 1 1 8 8 1 9 7 5 7 8 6 1 9 8 7 8 1 

Step 19:
7 9 3 4 2 4   3 8 5 8 1 1 6 4 2 4 6 1 7 9 8 9 9 7 
4 9 6 3 6 6 6 8 8 1 4 1 6 9 5 7 3 3 4 8 7 1 2 9 7 
5 8 6 4 6 5 6 7 9 6 8 1 6 3 3 1 5 5 7 1 2 8 4 1 1 
9 3 2 7 9 8     9 9 4 7 1 2 5 7 7 3 4 8 7 4 8 6 9 
7 2 3 3 4 1 6 9 7 5 9 1 5 1 7 5 6 5 5 5 1 1 2 1 3 
4 8 2 7 7 5 9   8 9 8 7 4 6 3 4 3 8 6 4 7 6 8 1 3 
5 4 7 5 4 9   9 5 7 2 8 4 4 4 5 8 6 6 8 3 7 6 3 7 
1 6 * 6 2 3 6 1 7 4 5 5 1 7 9 4 1 4 9 5 5 8 2 2 8 
7 8   8 9 4 9 6 6 8 4 2 4 5 3 7 6 5 8 7 3 3 9 4 4 
1 1 6 8 3 6   8 5 7 6 1 7 8 5 9 5 1 4 5 4 3 1 4 4 
8 6 3 8 1 7   8 7 3 3 8 7 8 2 2 4 5 9 4 5 9 8 8 6 
3 5   9 1 4     6 6 7 9 2 1 7 1 5 5 5 2 6 6 5 6 2 
8 4 5 6 8 9     4 2 7 1 1 3 1 7 3 7 5 2 7 4 3 5 9 
5 7 7 6 2 4   3 2 5 5 2 5 7 7 4 7 9 6 1 4 9 7 7 3 
9 2   8 5 3 7   5 9 3 7 5 9 7 6 1 2 9 5 3 2 2 4 9 
5 6 3 7 6 6 2 3 9 7 3 2 2 2 1 2 6 8 9 5 3 6 9 3 4 
3 5 6 8 2 8 6 2 2 7 6 2 9 9 8 3 6 3 8 1 5 1 1 6 2 
9 3 3 4 2 3   2 6 1 7 3 3 8 6 5 5 8 5 7 7 6 2 4 7 
3 7 8 5 5 1   4 7 5 1 5 9 3 4 5 6 5 8 7 3 4 6 6 5 
6 1 1 6 2 6 3 1 5 6 1 6 5 3 5 3 7 5 3 5 1 3 6 4 9 
7 4 4 3 9 3   8 8 8 5 1 6 9 4 2 8 8 2 8 4 8 1 2 8 
7 9 8 2 2 1 8 9 9 5 1 5 9 4 5 4 8 4 3 1 5 4 2 6 7 
7 6 4 9 6 5 5 9 9 3 5 8 9 1 8 7 4 3 8 5 3 3 9 3 4 
9 5 1 5 1 3 2 9 4 6 1 3 7 9 8 6 1 6 6 8 8 6 3 3 9 
8 9 2 2 5 7 5 8 1 1 8 8 1 9 7 5 7 8 6 1 9 8 7 8 1 

Step 20:
7 9 * 4 2 4   3 8 5 8 1 1 6 4 2 4 6 1 7 9 8 9 9 7 
4 9 6 3 6 6 6 8 8 1 4 1 6 9 5 7 3 3 4 8 7 1 2 9 7 
5 8 6 4 6 5 6 7 9 6 8 1 6 3 3 1 5 5 7 1 2 8 4 1 1 
9 3 2 7 9 8     9 9 4 7 1 2 5 7 7 3 4 8 7 4 8 6 9 
7 2 3 3 4 1 6 9 7 5 9 1 5 1 7 5 6 5 5 5 1 1 2 1 3 
4 8 2 7 7 5 9   8 9 8 7 4 6 3 4 3 8 6 4 7 6 8 1 3 
5 4 7 5 4 9   9 5 7 2 8 4 4 4 5 8 6 6 8 3 7 6 3 7 
1 6   6 2 3 6 1 7 4 5 5 1 7 9 4 1 4 9 5 5 8 2 2 8 
7 8   8 9 4 9 6 6 8 4 2 4 5 3 7 6 5 8 7 3 3 9 4 4 
1 1 6 8 3 6   8 5 7 6 1 7 8 5 9 5 1 4 5 4 3 1 4 4 
8 6 3 8 1 7   8 7 3 3 8 7 8 2 2 4 5 9 4 5 9 8 8 6 
3 5   9 1 4     6 6 7 9 2 1 7 1 5 5 5 2 6 6 5 6 2 
8 4 5 6 8 9     4 2 7 1 1 3 1 7 3 7 5 2 7 4 3 5 9 
5 7 7 6 2 4   3 2 5 5 2 5 7 7 4 7 9 6 1 4 9 7 7 3 
9 2   8 5 3 7   5 9 3 7 5 9 7 6 1 2 9 5 3 2 2 4 9 
5 6 3 7 6 6 2 3 9 7 3 2 2 2 1 2 6 8 9 5 3 6 9 3 4 
3 5 6 8 2 8 6 2 2 7 6 2 9 9 8 3 6 3 8 1 5 1 1 6 2 
9 3 3 4 2 3   2 6 1 7 3 3 8 6 5 5 8 5 7 7 6 2 4 7 
3 7 8 5 5 1   4 7 5 1 5 9 3 4 5 6 5 8 7 3 4 6 6 5 
6 1 1 6 2 6 3 1 5 6 1 6 5 3 5 3 7 5 3 5 1 3 6 4 9 
7 4 4 3 9 3   8 8 8 5 1 6 9 4 2 8 8 2 8 4 8 1 2 8 
7 9 8 2 2 1 8 9 9 5 1 5 9 4 5 4 8 4 3 1 5 4 2 6 7 
7 6 4 9 6 5 5 9 9 3 5 8 9 1 8 7 4 3 8 5 3 3 9 3 4 
9 5 1 5 1 3 2 9 4 6 1 3 7 9 8 6 1 6 6 8 8 6 3 3 9 
8 9 2 2 5 7 5 8 1 1 8 8 1 9 7 5 7 8 6 1 9 8 7 8 1 

Step 21:
7 9   4 2 4   3 8 5 8 1 1 6 4 2 4 6 1 7 9 8 9 9 7 
4 9 6 3 6 6 6 8 8 1 4 1 6 9 5 7 3 3 4 8 7 1 2 9 7 
5 8 6 4 6 5 6 7 9 6 8 1 6 3 3 1 5 5 7 1 2 8 4 1 1 
9 3 2 7 9 8     9 9 4 7 1 2 5 7 7 3 4 8 7 4 8 6 9 
7 2 3 3 4 1 6 9 7 5 9 1 5 1 7 5 6 5 5 5 1 1 2 1 3 
4 8 2 7 7 5 9   8 9 8 7 4 6 3 4 3 8 6 4 7 6 8 1 3 
5 4 * 5 4 9   9 5 7 2 8 4 4 4 5 8 6 6 8 3 7 6 3 7 
1 6   6 2 3 6 1 7 4 5 5 1 7 9 4 1 4 9 5 5 8 2 2 8 
7 8   8 9 4 9 6 6 8 4 2 4 5 3 7 6 5 8 7 3 3 9 4 4 
1 1 6 8 3 6   8 5 7 6 1 7 8 5 9 5 1 4 5 4 3 1 4 4 
8 6 3 8 1 7   8 7 3 3 8 7 8 2 2 4 5 9 4 5 9 8 8 6 
3 5   9 1 4     6 6 7 9 2 1 7 1 5 5 5 2 6 6 5 6 2 
8 4 5 6 8 9     4 2 7 1 1 3 1 7 3 7 5 2 7 4 3 5 9 
5 7 7 6 2 4   3 2 5 5 2 5 7 7 4 7 9 6 1 4 9 7 7 3 
9 2   8 5 3 7   5 9 3 7 5 9 7 6 1 2 9 5 3 2 2 4 9 
5 6 3 7 6 6 2 3 9 7 3 2 2 2 1 2 6 8 9 5 3 6 9 3 4 
3 5 6 8 2 8 6 2 2 7 6 2 9 9 8 3 6 3 8 1 5 1 1 6 2 
9 3 3 4 2 3   2 6 1 7 3 3 8 6 5 5 8 5 7 7 6 2 4 7 
3 7 8 5 5 1   4 7 5 1 5 9 3 4 5 6 5 8 7 3 4 6 6 5 
6 1 1 6 2 6 3 1 5 6 1 6 5 3 5 3 7 5 3 5 1 3 6 4 9 
7 4 4 3 9 3   8 8 8 5 1 6 9 4 2 8 8 2 8 4 8 1 2 8 
7 9 8 2 2 1 8 9 9 5 1 5 9 4 5 4 8 4 3 1 5 4 2 6 7 
7 6 4 9 6 5 5 9 9 3 5 8 9 1 8 7 4 3 8 5 3 3 9 3 4 
9 5 1 5 1 3 2 9 4 6 1 3 7 9 8 6 1 6 6 8 8 6 3 3 9 
8 9 2 2 5 7 5 8 1 1 8 8 1 9 7 5 7 8 6 1 9 8 7 8 1 

Step 22:
7 9   4 2 4   3 8 5 8 1 1 6 4 2 4 6 1 7 9 8 9 9 7 
4 9 6 3 6 6 6 8 8 1 4 1 6 9 5 7 3 3 4 8 7 1 2 9 7 
5 8 6 4 6 5 6 7 9 6 8 1 6 3 3 1 5 5 7 1 2 8 4 1 1 
9 3 2 7 9 8     9 9 4 7 1 2 5 7 7 3 4 8 7 4 8 6 9 
7 2 * 3 4 1 6 9 7 5 9 1 5 1 7 5 6 5 5 5 1 1 2 1 3 
4 8 2 7 7 5 9   8 9 8 7 4 6 3 4 3 8 6 4 7 6 8 1 3 
5 4   5 4 9   9 5 7 2 8 4 4 4 5 8 6 6 8 3 7 6 3 7 
1 6   6 2 3 6 1 7 4 5 5 1 7 9 4 1 4 9 5 5 8 2 2 8 
7 8   8 9 4 9 6 6 8 4 2 4 5 3 7 6 5 8 7 3 3 9 4 4 
1 1 6 8 3 6   8 5 7 6 1 7 8 5 9 5 1 4 5 4 3 1 4 4 
8 6 3 8 1 7   8 7 3 3 8 7 8 2 2 4 5 9 4 5 9 8 8 6 
3 5   9 1 4     6 6 7 9 2 1 7 1 5 5 5 2 6 6 5 6 2 
8 4 5 6 8 9     4 2 7 1 1 3 1 7 3 7 5 2 7 4 3 5 9 
5 7 7 6 2 4   3 2 5 5 2 5 7 7 4 7 9 6 1 4 9 7 7 3 
9 2   8 5 3 7   5 9 3 7 5 9 7 6 1 2 9 5 3 2 2 4 9 
5 6 3 7 6 6 2 3 9 7 3 2 2 2 1 2 6 8 9 5 3 6 9 3 4 
3 5 6 8 2 8 6 2 2 7 6 2 9 9 8 3 6 3 8 1 5 1 1 6 2 
9 3 3 4 2 3   2 6 1 7 3 3 8 6 5 5 8 5 7 7 6 2 4 7 
3 7 8 5 5 1   4 7 5 1 5 9 3 4 5 6 5 8 7 3 4 6 6 5 
6 1 1 6 2 6 3 1 5 6 1 6 5 3 5 3 7 5 3 5 1 3 6 4 9 
7 4 4 3 9 3   8 8 8 5 1 6 9 4 2 8 8 2 8 4 8 1 2 8 
7 9 8 2 2 1 8 9 9 5 1 5 9 4 5 4 8 4 3 1 5 4 2 6 7 
7 6 4 9 6 5 5 9 9 3 5 8 9 1 8 7 4 3 8 5 3 3 9 3 4 
9 5 1 5 1 3 2 9 4 6 1 3 7 9 8 6 1 6 6 8 8 6 3 3 9 
8 9 2 2 5 7 5 8 1 1 8 8 1 9 7 5 7 8 6 1 9 8 7 8 1 

Step 23:
7 9   4 2 4   3 8 5 8 1 1 6 4 2 4 6 1 7 9 8 9 9 7 
4 9 6 3 6 6 6 8 8 1 4 1 6 9 5 7 3 3 4 8 7 1 2 9 7 
5 8 * 4 6 5 6 7 9 6 8 1 6 3 3 1 5 5 7 1 2 8 4 1 1 
9 3 2 7 9 8     9 9 4 7 1 2 5 7 7 3 4 8 7 4 8 6 9 
7 2   3 4 1 6 9 7 5 9 1 5 1 7 5 6 5 5 5 1 1 2 1 3 
4 8 2 7 7 5 9   8 9 8 7 4 6 3 4 3 8 6 4 7 6 8 1 3 
5 4   5 4 9   9 5 7 2 8 4 4 4 5 8 6 6 8 3 7 6 3 7 
1 6   6 2 3 6 1 7 4 5 5 1 7 9 4 1 4 9 5 5 8 2 2 8 
7 8   8 9 4 9 6 6 8 4 2 4 5 3 7 6 5 8 7 3 3 9 4 4 
1 1 6 8 3 6   8 5 7 6 1 7 8 5 9 5 1 4 5 4 3 1 4 4 
8 6 3 8 1 7   8 7 3 3 8 7 8 2 2 4 5 9 4 5 9 8 8 6 
3 5   9 1 4     6 6 7 9 2 1 7 1 5 5 5 2 6 6 5 6 2 
8 4 5 6 8 9     4 2 7 1 1 3 1 7 3 7 5 2 7 4 3 5 9 
5 7 7 6 2 4   3 2 5 5 2 5 7 7 4 7 9 6 1 4 9 7 7 3 
9 2   8 5 3 7   5 9 3 7 5 9 7 6 1 2 9 5 3 2 2 4 9 
5 6 3 7 6 6 2 3 9 7 3 2 2 2 1 2 6 8 9 5 3 6 9 3 4 
3 5 6 8 2 8 6 2 2 7 6 2 9 9 8 3 6 3 8 1 5 1 1 6 2 
9 3 3 4 2 3   2 6 1 7 3 3 8 6 5 5 8 5 7 7 6 2 4 7 
3 7 8 5 5 1   4 7 5 1 5 9 3 4 5 6 5 8 7 3 4 6 6 5 
6 1 1 6 2 6 3 1 5 6 1 6 5 3 5 3 7 5 3 5 1 3 6 4 9 
7 4 4 3 9 3   8 8 8 5 1 6 9 4 2 8 8 2 8 4 8 1 2 8 
7 9 8 2 2 1 8 9 9 5 1 5 9 4 5 4 8 4 3 1 5 4 2 6 7 
7 6 4 9 6 5 5 9 9 3 5 8 9 1 8 7 4 3 8 5 3 3 9 3 4 
9 5 1 5 1 3 2 9 4 6 1 3 7 9 8 6 1 6 6 8 8 6 3 3 9 
8 9 2 2 5 7 5 8 1 1 8 8 1 9 7 5 7 8 6 1 9 8 7 8 1 

Step 24:
7 9   4 2 4   3 8 5 8 1 1 6 4 2 4 6 1 7 9 8 9 9 7 
4 9 6 3 6 6 6 8 8 1 4 1 6 9 5 7 3 3 4 8 7 1 2 9 7 
5 8   4 6 5 * 7 9 6 8 1 6 3 3 1 5 5 7 1 2 8 4 1 1 
9 3 2 7 9 8     9 9 4 7 1 2 5 7 7 3 4 8 7 4 8 6 9 
7 2   3 4 1 6 9 7 5 9 1 5 1 7 5 6 5 5 5 1 1 2 1 3 
4 8 2 7 7 5 9   8 9 8 7 4 6 3 4 3 8 6 4 7 6 8 1 3 
5 4   5 4 9   9 5 7 2 8 4 4 4 5 8 6 6 8 3 7 6 3 7 
1 6   6 2 3 6 1 7 4 5 5 1 7 9 4 1 4 9 5 5 8 2 2 8 
7 8   8 9 4 9 6 6 8 4 2 4 5 3 7 6 5 8 7 3 3 9 4 4 
1 1 6 8 3 6   8 5 7 6 1 7 8 5 9 5 1 4 5 4 3 1 4 4 
8 6 3 8 1 7   8 7 3 3 8 7 8 2 2 4 5 9 4 5 9 8 8 6 
3 5   9 1 4     6 6 7 9 2 1 7 1 5 5 5 2 6 6 5 6 2 
8 4 5 6 8 9     4 2 7 1 1 3 1 7 3 7 5 2 7 4 3 5 9 
5 7 7 6 2 4   3 2 5 5 2 5 7 7 4 7 9 6 1 4 9 7 7 3 
9 2   8 5 3 7   5 9 3 7 5 9 7 6 1 2 9 5 3 2 2 4 9 
5 6 3 7 6 6 2 3 9 7 3 2 2 2 1 2 6 8 9 5 3 6 9 3 4 
3 5 6 8 2 8 6 2 2 7 6 2 9 9 8 3 6 3 8 1 5 1 1 6 2 
9 3 3 4 2 3   2 6 1 7 3 3 8 6 5 5 8 5 7 7 6 2 4 7 
3 7 8 5 5 1   4 7 5 1 5 9 3 4 5 6 5 8 7 3 4 6 6 5 
6 1 1 6 2 6 3 1 5 6 1 6 5 3 5 3 7 5 3 5 1 3 6 4 9 
7 4 4 3 9 3   8 8 8 5 1 6 9 4 2 8 8 2 8 4 8 1 2 8 
7 9 8 2 2 1 8 9 9 5 1 5 9 4 5 4 8 4 3 1 5 4 2 6 7 
7 6 4 9 6 5 5 9 9 3 5 8 9 1 8 7 4 3 8 5 3 3 9 3 4 
9 5 1 5 1 3 2 9 4 6 1 3 7 9 8 6 1 6 6 8 8 6 3 3 9 
8 9 2 2 5 7 5 8 1 1 8 8 1 9 7 5 7 8 6 1 9 8 7 8 1 

Step 25:
7 9   4 2 4   3 8 5 8 1 1 6 4 2 4 6 1 7 9 8 9 9 7 
4 9 6 3 6 6 6 8 8 1 4 1 6 9 5 7 3 3 4 8 7 1 2 9 7 
5 *   4 6 5   7 9 6 8 1 6 3 3 1 5 5 7 1 2 8 4 1 1 
9 3 2 7 9 8     9 9 4 7 1 2 5 7 7 3 4 8 7 4 8 6 9 
7 2   3 4 1 6 9 7 5 9 1 5 1 7 5 6 5 5 5 1 1 2 1 3 
4 8 2 7 7 5 9   8 9 8 7 4 6 3 4 3 8 6 4 7 6 8 1 3 
5 4   5 4 9   9 5 7 2 8 4 4 4 5 8 6 6 8 3 7 6 3 7 
1 6   6 2 3 6 1 7 4 5 5 1 7 9 4 1 4 9 5 5 8 2 2 8 
7 8   8 9 4 9 6 6 8 4 2 4 5 3 7 6 5 8 7 3 3 9 4 4 
1 1 6 8 3 6   8 5 7 6 1 7 8 5 9 5 1 4 5 4 3 1 4 4 
8 6 3 8 1 7   8 7 3 3 8 7 8 2 2 4 5 9 4 5 9 8 8 6 
3 5   9 1 4     6 6 7 9 2 1 7 1 5 5 5 2 6 6 5 6 2 
8 4 5 6 8 9     4 2 7 1 1 3 1 7 3 7 5 2 7 4 3 5 9 
5 7 7 6 2 4   3 2 5 5 2 5 7 7 4 7 9 6 1 4 9 7 7 3 
9 2   8 5 3 7   5 9 3 7 5 9 7 6 1 2 9 5 3 2 2 4 9 
5 6 3 7 6 6 2 3 9 7 3 2 2 2 1 2 6 8 9 5 3 6 9 3 4 
3 5 6 8 2 8 6 2 2 7 6 2 9 9 8 3 6 3 8 1 5 1 1 6 2 
9 3 3 4 2 3   2 6 1 7 3 3 8 6 5 5 8 5 7 7 6 2 4 7 
3 7 8 5 5 1   4 7 5 1 5 9 3 4 5 6 5 8 7 3 4 6 6 5 
6 1 1 6 2 6 3 1 5 6 1 6 5 3 5 3 7 5 3 5 1 3 6 4 9 
7 4 4 3 9 3   8 8 8 5 1 6 9 4 2 8 8 2 8 4 8 1 2 8 
7 9 8 2 2 1 8 9 9 5 1 5 9 4 5 4 8 4 3 1 5 4 2 6 7 
7 6 4 9 6 5 5 9 9 3 5 8 9 1 8 7 4 3 8 5 3 3 9 3 4 
9 5 1 5 1 3 2 9 4 6 1 3 7 9 8 6 1 6 6 8 8 6 3 3 9 
8 9 2 2 5 7 5 8 1 1 8 8 1 9 7 5 7 8 6 1 9 8 7 8 1 

Step 26:
7 9   4 2 4   3 8 5 8 1 1 6 4 2 4 6 1 7 9 8 9 9 7 
4 9 6 3 6 6 6 8 8 1 4 1 6 9 5 7 3 3 4 8 7 1 2 9 7 
5     4 6 5   7 9 6 8 1 6 3 3 1 5 5 7 1 2 8 4 1 1 
9 3 2 7 9 8     9 9 4 7 1 2 5 7 7 3 4 8 7 4 8 6 9 
7 2   3 4 1 6 9 7 5 9 1 5 1 7 5 6 5 5 5 1 1 2 1 3 
4 * 2 7 7 5 9   8 9 8 7 4 6 3 4 3 8 6 4 7 6 8 1 3 
5 4   5 4 9   9 5 7 2 8 4 4 4 5 8 6 6 8 3 7 6 3 7 
1 6   6 2 3 6 1 7 4 5 5 1 7 9 4 1 4 9 5 5 8 2 2 8 
7 8   8 9 4 9 6 6 8 4 2 4 5 3 7 6 5 8 7 3 3 9 4 4 
1 1 6 8 3 6   8 5 7 6 1 7 8 5 9 5 1 4 5 4 3 1 4 4 
8 6 3 8 1 7   8 7 3 3 8 7 8 2 2 4 5 9 4 5 9 8 8 6 
3 5   9 1 4     6 6 7 9 2 1 7 1 5 5 5 2 6 6 5 6 2 
8 4 5 6 8 9     4 2 7 1 1 3 1 7 3 7 5 2 7 4 3 5 9 
5 7 7 6 2 4   3 2 5 5 2 5 7 7 4 7 9 6 1 4 9 7 7 3 
9 2   8 5 3 7   5 9 3 7 5 9 7 6 1 2 9 5 3 2 2 4 9 
5 6 3 7 6 6 2 3 9 7 3 2 2 2 1 2 6 8 9 5 3 6 9 3 4 
3 5 6 8 2 8 6 2 2 7 6 2 9 9 8 3 6 3 8 1 5 1 1 6 2 
9 3 3 4 2 3   2 6 1 7 3 3 8 6 5 5 8 5 7 7 6 2 4 7 
3 7 8 5 5 1   4 7 5 1 5 9 3 4 5 6 5 8 7 3 4 6 6 5 
6 1 1 6 2 6 3 1 5 6 1 6 5 3 5 3 7 5 3 5 1 3 6 4 9 
7 4 4 3 9 3   8 8 8 5 1 6 9 4 2 8 8 2 8 4 8 1 2 8 
7 9 8 2 2 1 8 9 9 5 1 5 9 4 5 4 8 4 3 1 5 4 2 6 7 
7 6 4 9 6 5 5 9 9 3 5 8 9 1 8 7 4 3 8 5 3 3 9 3 4 
9 5 1 5 1 3 2 9 4 6 1 3 7 9 8 6 1 6 6 8 8 6 3 3 9 
8 9 2 2 5 7 5 8 1 1 8 8 1 9 7 5 7 8 6 1 9 8 7 8 1 

Step 27:
7 9   4 2 4   3 8 5 8 1 1 6 4 2 4 6 1 7 9 8 9 9 7 
4 9 6 3 6 6 6 8 8 1 4 1 6 9 5 7 3 3 4 8 7 1 2 9 7 
5     4 6 5   7 9 6 8 1 6 3 3 1 5 5 7 1 2 8 4 1 1 
9 * 2 7 9 8     9 9 4 7 1 2 5 7 7 3 4 8 7 4 8 6 9 
7 2   3 4 1 6 9 7 5 9 1 5 1 7 5 6 5 5 5 1 1 2 1 3 
4   2 7 7 5 9   8 9 8 7 4 6 3 4 3 8 6 4 7 6 8 1 3 
5 4   5 4 9   9 5 7 2 8 4 4 4 5 8 6 6 8 3 7 6 3 7 
1 6   6 2 3 6 1 7 4 5 5 1 7 9 4 1 4 9 5 5 8 2 2 8 
7 8   8 9 4 9 6 6 8 4 2 4 5 3 7 6 5 8 7 3 3 9 4 4 
1 1 6 8 3 6   8 5 7 6 1 7 8 5 9 5 1 4 5 4 3 1 4 4 
8 6 3 8 1 7   8 7 3 3 8 7 8 2 2 4 5 9 4 5 9 8 8 6 
3 5   9 1 4     6 6 7 9 2 1 7 1 5 5 5 2 6 6 5 6 2 
8 4 5 6 8 9     4 2 7 1 1 3 1 7 3 7 5 2 7 4 3 5 9 
5 7 7 6 2 4   3 2 5 5 2 5 7 7 4 7 9 6 1 4 9 7 7 3 
9 2   8 5 3 7   5 9 3 7 5 9 7 6 1 2 9 5 3 2 2 4 9 
5 6 3 7 6 6 2 3 9 7 3 2 2 2 1 2 6 8 9 5 3 6 9 3 4 
3 5 6 8 2 8 6 2 2 7 6 2 9 9 8 3 6 3 8 1 5 1 1 6 2 
9 3 3 4 2 3   2 6 1 7 3 3 8 6 5 5 8 5 7 7 6 2 4 7 
3 7 8 5 5 1   4 7 5 1 5 9 3 4 5 6 5 8 7 3 4 6 6 5 
6 1 1 6 2 6 3 1 5 6 1 6 5 3 5 3 7 5 3 5 1 3 6 4 9 
7 4 4 3 9 3   8 8 8 5 1 6 9 4 2 8 8 2 8 4 8 1 2 8 
7 9 8 2 2 1 8 9 9 5 1 5 9 4 5 4 8 4 3 1 5 4 2 6 7 
7 6 4 9 6 5 5 9 9 3 5 8 9 1 8 7 4 3 8 5 3 3 9 3 4 
9 5 1 5 1 3 2 9 4 6 1 3 7 9 8 6 1 6 6 8 8 6 3 3 9 
8 9 2 2 5 7 5 8 1 1 8 8 1 9 7 5 7 8 6 1 9 8 7 8 1 

Step 28:
7 9   4 2 4   3 8 5 8 1 1 6 4 2 4 6 1 7 9 8 9 9 7 
4 9 6 3 6 6 6 8 8 1 4 1 6 9 5 7 3 3 4 8 7 1 2 9 7 
5     4 6 5   7 9 6 8 1 6 3 3 1 5 5 7 1 2 8 4 1 1 
9   2 * 9 8     9 9 4 7 1 2 5 7 7 3 4 8 7 4 8 6 9 
7 2   3 4 1 6 9 7 5 9 1 5 1 7 5 6 5 5 5 1 1 2 1 3 
4   2 7 7 5 9   8 9 8 7 4 6 3 4 3 8 6 4 7 6 8 1 3 
5 4   5 4 9   9 5 7 2 8 4 4 4 5 8 6 6 8 3 7 6 3 7 
1 6   6 2 3 6 1 7 4 5 5 1 7 9 4 1 4 9 5 5 8 2 2 8 
7 8   8 9 4 9 6 6 8 4 2 4 5 3 7 6 5 8 7 3 3 9 4 4 
1 1 6 8 3 6   8 5 7 6 1 7 8 5 9 5 1 4 5 4 3 1 4 4 
8 6 3 8 1 7   8 7 3 3 8 7 8 2 2 4 5 9 4 5 9 8 8 6 
3 5   9 1 4     6 6 7 9 2 1 7 1 5 5 5 2 6 6 5 6 2 
8 4 5 6 8 9     4 2 7 1 1 3 1 7 3 7 5 2 7 4 3 5 9 
5 7 7 6 2 4   3 2 5 5 2 5 7 7 4 7 9 6 1 4 9 7 7 3 
9 2   8 5 3 7   5 9 3 7 5 9 7 6 1 2 9 5 3 2 2 4 9 
5 6 3 7 6 6 2 3 9 7 3 2 2 2 1 2 6 8 9 5 3 6 9 3 4 
3 5 6 8 2 8 6 2 2 7 6 2 9 9 8 3 6 3 8 1 5 1 1 6 2 
9 3 3 4 2 3   2 6 1 7 3 3 8 6 5 5 8 5 7 7 6 2 4 7 
3 7 8 5 5 1   4 7 5 1 5 9 3 4 5 6 5 8 7 3 4 6 6 5 
6 1 1 6 2 6 3 1 5 6 1 6 5 3 5 3 7 5 3 5 1 3 6 4 9 
7 4 4 3 9 3   8 8 8 5 1 6 9 4 2 8 8 2 8 4 8 1 2 8 
7 9 8 2 2 1 8 9 9 5 1 5 9 4 5 4 8 4 3 1 5 4 2 6 7 
7 6 4 9 6 5 5 9 9 3 5 8 9 1 8 7 4 3 8 5 3 3 9 3 4 
9 5 1 5 1 3 2 9 4 6 1 3 7 9 8 6 1 6 6 8 8 6 3 3 9 
8 9 2 2 5 7 5 8 1 1 8 8 1 9 7 5 7 8 6 1 9 8 7 8 1 

Step 29:
7 9   4 2 4   3 8 5 8 1 1 6 4 2 4 6 1 7 9 8 9 9 7 
4 9 6 3 6 6 6 8 8 1 4 1 6 9 5 7 3 3 4 8 7 1 2 9 7 
5     4 6 5   7 9 6 8 1 6 3 3 1 5 5 7 1 2 8 4 1 1 
9   2   9 8     9 9 4 7 1 2 5 7 7 3 4 8 7 4 8 6 9 
7 2   3 4 1 6 9 7 5 9 1 5 1 7 5 6 5 5 5 1 1 2 1 3 
4   2 7 7 5 9   8 9 8 7 4 6 3 4 3 8 6 4 7 6 8 1 3 
5 4   * 4 9   9 5 7 2 8 4 4 4 5 8 6 6 8 3 7 6 3 7 
1 6   6 2 3 6 1 7 4 5 5 1 7 9 4 1 4 9 5 5 8 2 2 8 
7 8   8 9 4 9 6 6 8 4 2 4 5 3 7 6 5 8 7 3 3 9 4 4 
1 1 6 8 3 6   8 5 7 6 1 7 8 5 9 5 1 4 5 4 3 1 4 4 
8 6 3 8 1 7   8 7 3 3 8 7 8 2 2 4 5 9 4 5 9 8 8 6 
3 5   9 1 4     6 6 7 9 2 1 7 1 5 5 5 2 6 6 5 6 2 
8 4 5 6 8 9     4 2 7 1 1 3 1 7 3 7 5 2 7 4 3 5 9 
5 7 7 6 2 4   3 2 5 5 2 5 7 7 4 7 9 6 1 4 9 7 7 3 
9 2   8 5 3 7   5 9 3 7 5 9 7 6 1 2 9 5 3 2 2 4 9 
5 6 3 7 6 6 2 3 9 7 3 2 2 2 1 2 6 8 9 5 3 6 9 3 4 
3 5 6 8 2 8 6 2 2 7 6 2 9 9 8 3 6 3 8 1 5 1 1 6 2 
9 3 3 4 2 3   2 6 1 7 3 3 8 6 5 5 8 5 7 7 6 2 4 7 
3 7 8 5 5 1   4 7 5 1 5 9 3 4 5 6 5 8 7 3 4 6 6 5 
6 1 1 6 2 6 3 1 5 6 1 6 5 3 5 3 7 5 3 5 1 3 6 4 9 
7 4 4 3 9 3   8 8 8 5 1 6 9 4 2 8 8 2 8 4 8 1 2 8 
7 9 8 2 2 1 8 9 9 5 1 5 9 4 5 4 8 4 3 1 5 4 2 6 7 
7 6 4 9 6 5 5 9 9 3 5 8 9 1 8 7 4 3 8 5 3 3 9 3 4 
9 5 1 5 1 3 2 9 4 6 1 3 7 9 8 6 1 6 6 8 8 6 3 3 9 
8 9 2 2 5 7 5 8 1 1 8 8 1 9 7 5 7 8 6 1 9 8 7 8 1 

Step 30:
7 9   4 2 4   3 8 5 8 1 1 6 4 2 4 6 1 7 9 8 9 9 7 
4 9 6 3 6 6 6 8 8 1 4 1 6 9 5 7 3 3 4 8 7 1 2 9 7 
5     4 6 5   7 9 6 8 1 6 3 3 1 5 5 7 1 2 8 4 1 1 
9   2   9 8     9 9 4 7 1 2 5 7 7 3 4 8 7 4 8 6 9 
7 2   3 4 1 6 9 7 5 9 1 5 1 7 5 6 5 5 5 1 1 2 1 3 
4   2 7 7 5 9   8 9 8 7 4 6 3 4 3 8 6 4 7 6 8 1 3 
5 4     4 9   9 5 7 2 8 4 4 4 5 8 6 6 8 3 7 6 3 7 
1 6   6 2 3 6 1 7 4 5 5 1 7 9 4 1 4 9 5 5 8 2 2 8 
7 8   8 9 4 9 6 6 8 4 2 4 5 3 7 6 5 8 7 3 3 9 4 4 
1 1 6 8 3 6   8 5 7 6 1 7 8 5 9 5 1 4 5 4 3 1 4 4 
8 6 3 8 1 7   8 7 3 3 8 7 8 2 2 4 5 9 4 5 9 8 8 6 
3 5   9 1 4     6 6 7 9 2 1 7 1 5 5 5 2 6 6 5 6 2 
8 4 5 * 8 9     4 2 7 1 1 3 1 7 3 7 5 2 7 4 3 5 9 
5 7 7 6 2 4   3 2 5 5 2 5 7 7 4 7 9 6 1 4 9 7 7 3 
9 2   8 5 3 7   5 9 3 7 5 9 7 6 1 2 9 5 3 2 2 4 9 
5 6 3 7 6 6 2 3 9 7 3 2 2 2 1 2 6 8 9 5 3 6 9 3 4 
3 5 6 8 2 8 6 2 2 7 6 2 9 9 8 3 6 3 8 1 5 1 1 6 2 
9 3 3 4 2 3   2 6 1 7 3 3 8 6 5 5 8 5 7 7 6 2 4 7 
3 7 8 5 5 1   4 7 5 1 5 9 3 4 5 6 5 8 7 3 4 6 6 5 
6 1 1 6 2 6 3 1 5 6 1 6 5 3 5 3 7 5 3 5 1 3 6 4 9 
7 4 4 3 9 3   8 8 8 5 1 6 9 4 2 8 8 2 8 4 8 1 2 8 
7 9 8 2 2 1 8 9 9 5 1 5 9 4 5 4 8 4 3 1 5 4 2 6 7 
7 6 4 9 6 5 5 9 9 3 5 8 9 1 8 7 4 3 8 5 3 3 9 3 4 
9 5 1 5 1 3 2 9 4 6 1 3 7 9 8 6 1 6 6 8 8 6 3 3 9 
8 9 2 2 5 7 5 8 1 1 8 8 1 9 7 5 7 8 6 1 9 8 7 8 1 

Step 31:
7 9   4 2 4   3 8 5 8 1 1 6 4 2 4 6 1 7 9 8 9 9 7 
4 9 6 3 6 6 6 8 8 1 4 1 6 9 5 7 3 3 4 8 7 1 2 9 7 
5     4 6 5   7 9 6 8 1 6 3 3 1 5 5 7 1 2 8 4 1 1 
9   2   9 8     9 9 4 7 1 2 5 7 7 3 4 8 7 4 8 6 9 
7 2   3 4 1 6 9 7 5 9 1 5 1 7 5 6 5 5 5 1 1 2 1 3 
4   2 7 7 5 9   8 9 8 7 4 6 3 4 3 8 6 4 7 6 8 1 3 
5 4     4 9   9 5 7 2 8 4 4 4 5 8 6 6 8 3 7 6 3 7 
1 6   6 2 3 6 1 7 4 5 5 1 7 9 4 1 4 9 5 5 8 2 2 8 
7 8   8 9 4 9 6 6 8 4 2 4 5 3 7 6 5 8 7 3 3 9 4 4 
1 1 6 8 3 6   8 5 7 6 1 7 8 5 9 5 1 4 5 4 3 1 4 4 
8 6 3 8 1 7   8 7 3 3 8 7 8 2 2 4 5 9 4 5 9 8 8 6 
3 5   9 1 4     6 6 7 9 2 1 7 1 5 5 5 2 6 6 5 6 2 
8 4 5   8 9     4 2 7 1 1 3 1 7 3 7 5 2 7 4 3 5 9 
5 7 7 6 2 4   3 2 5 5 2 5 7 7 4 7 9 6 1 4 9 7 7 3 
9 2   8 5 3 7   5 9 3 7 5 9 7 6 1 2 9 5 3 2 2 4 9 
5 6 3 7 6 6 2 3 9 7 3 2 2 2 1 2 6 8 9 5 3 6 9 3 4 
3 5 6 8 2 8 6 2 2 7 6 2 9 9 8 3 6 3 8 1 5 1 1 6 2 
9 3 3 4 2 3   2 6 1 7 3 3 8 6 5 5 8 5 7 7 6 2 4 7 
3 7 8 * 5 1   4 7 5 1 5 9 3 4 5 6 5 8 7 3 4 6 6 5 
6 1 1 6 2 6 3 1 5 6 1 6 5 3 5 3 7 5 3 5 1 3 6 4 9 
7 4 4 3 9 3   8 8 8 5 1 6 9 4 2 8 8 2 8 4 8 1 2 8 
7 9 8 2 2 1 8 9 9 5 1 5 9 4 5 4 8 4 3 1 5 4 2 6 7 
7 6 4 9 6 5 5 9 9 3 5 8 9 1 8 7 4 3 8 5 3 3 9 3 4 
9 5 1 5 1 3 2 9 4 6 1 3 7 9 8 6 1 6 6 8 8 6 3 3 9 
8 9 2 2 5 7 5 8 1 1 8 8 1 9 7 5 7 8 6 1 9 8 7 8 1 

Step 32:
7 9   4 2 4   3 8 5 8 1 1 6 4 2 4 6 1 7 9 8 9 9 7 
4 9 6 3 6 6 6 8 8 1 4 1 6 9 5 7 3 3 4 8 7 1 2 9 7 
5     4 6 5   7 9 6 8 1 6 3 3 1 5 5 7 1 2 8 4 1 1 
9   2   9 8     9 9 4 7 1 2 5 7 7 3 4 8 7 4 8 6 9 
7 2   3 4 1 6 9 7 5 9 1 5 1 7 5 6 5 5 5 1 1 2 1 3 
4   2 7 7 5 9   8 9 8 7 4 6 3 4 3 8 6 4 7 6 8 1 3 
5 4     4 9   9 5 7 2 8 4 4 4 5 8 6 6 8 3 7 6 3 7 
1 6   6 2 3 6 1 7 4 5 5 1 7 9 4 1 4 9 5 5 8 2 2 8 
7 8   8 9 4 9 6 6 8 4 2 4 5 3 7 6 5 8 7 3 3 9 4 4 
1 1 6 8 3 6   8 5 7 6 1 7 8 5 9 5 1 4 5 4 3 1 4 4 
8 6 3 8 1 7   8 7 3 3 8 7 8 2 2 4 5 9 4 5 9 8 8 6 
3 5   9 1 4     6 6 7 9 2 1 7 1 5 5 5 2 6 6 5 6 2 
8 4 5   8 9     4 2 7 1 1 3 1 7 3 7 5 2 7 4 3 5 9 
5 7 7 6 2 4   3 2 5 5 2 5 7 7 4 7 9 6 1 4 9 7 7 3 
9 2   * 5 3 7   5 9 3 7 5 9 7 6 1 2 9 5 3 2 2 4 9 
5 6 3 7 6 6 2 3 9 7 3 2 2 2 1 2 6 8 9 5 3 6 9 3 4 
3 5 6 8 2 8 6 2 2 7 6 2 9 9 8 3 6 3 8 1 5 1 1 6 2 
9 3 3 4 2 3   2 6 1 7 3 3 8 6 5 5 8 5 7 7 6 2 4 7 
3 7 8   5 1   4 7 5 1 5 9 3 4 5 6 5 8 7 3 4 6 6 5 
6 1 1 6 2 6 3 1 5 6 1 6 5 3 5 3 7 5 3 5 1 3 6 4 9 
7 4 4 3 9 3   8 8 8 5 1 6 9 4 2 8 8 2 8 4 8 1 2 8 
7 9 8 2 2 1 8 9 9 5 1 5 9 4 5 4 8 4 3 1 5 4 2 6 7 
7 6 4 9 6 5 5 9 9 3 5 8 9 1 8 7 4 3 8 5 3 3 9 3 4 
9 5 1 5 1 3 2 9 4 6 1 3 7 9 8 6 1 6 6 8 8 6 3 3 9 
8 9 2 2 5 7 5 8 1 1 8 8 1 9 7 5 7 8 6 1 9 8 7 8 1 

Step 33:
7 9   4 2 4   3 8 5 8 1 1 6 4 2 4 6 1 7 9 8 9 9 7 
4 9 6 3 6 6 6 8 8 1 4 1 6 9 5 7 3 3 4 8 7 1 2 9 7 
5     4 6 5   7 9 6 8 1 6 3 3 1 5 5 7 1 2 8 4 1 1 
9   2   9 8     9 9 4 7 1 2 5 7 7 3 4 8 7 4 8 6 9 
7 2   3 4 1 6 9 7 5 9 1 5 1 7 5 6 5 5 5 1 1 2 1 3 
4   2 7 7 5 9   8 9 8 7 4 6 3 4 3 8 6 4 7 6 8 1 3 
5 4     4 9   9 5 7 2 8 4 4 4 5 8 6 6 8 3 7 6 3 7 
1 6   6 2 3 6 1 7 4 5 5 1 7 9 4 1 4 9 5 5 8 2 2 8 
7 8   * 9 4 9 6 6 8 4 2 4 5 3 7 6 5 8 7 3 3 9 4 4 
1 1 6 8 3 6   8 5 7 6 1 7 8 5 9 5 1 4 5 4 3 1 4 4 
8 6 3 8 1 7   8 7 3 3 8 7 8 2 2 4 5 9 4 5 9 8 8 6 
3 5   9 1 4     6 6 7 9 2 1 7 1 5 5 5 2 6 6 5 6 2 
8 4 5   8 9     4 2 7 1 1 3 1 7 3 7 5 2 7 4 3 5 9 
5 7 7 6 2 4   3 2 5 5 2 5 7 7 4 7 9 6 1 4 9 7 7 3 
9 2     5 3 7   5 9 3 7 5 9 7 6 1 2 9 5 3 2 2 4 9 
5 6 3 7 6 6 2 3 9 7 3 2 2 2 1 2 6 8 9 5 3 6 9 3 4 
3 5 6 8 2 8 6 2 2 7 6 2 9 9 8 3 6 3 8 1 5 1 1 6 2 
9 3 3 4 2 3   2 6 1 7 3 3 8 6 5 5 8 5 7 7 6 2 4 7 
3 7 8   5 1   4 7 5 1 5 9 3 4 5 6 5 8 7 3 4 6 6 5 
6 1 1 6 2 6 3 1 5 6 1 6 5 3 5 3 7 5 3 5 1 3 6 4 9 
7 4 4 3 9 3   8 8 8 5 1 6 9 4 2 8 8 2 8 4 8 1 2 8 
7 9 8 2 2 1 8 9 9 5 1 5 9 4 5 4 8 4 3 1 5 4 2 6 7 
7 6 4 9 6 5 5 9 9 3 5 8 9 1 8 7 4 3 8 5 3 3 9 3 4 
9 5 1 5 1 3 2 9 4 6 1 3 7 9 8 6 1 6 6 8 8 6 3 3 9 
8 9 2 2 5 7 5 8 1 1 8 8 1 9 7 5 7 8 6 1 9 8 7 8 1 

Step 34:
7 9   4 2 4   3 8 5 8 1 1 6 4 2 4 6 1 7 9 8 9 9 7 
4 9 6 3 6 6 6 8 8 1 4 1 6 9 5 7 3 3 4 8 7 1 2 9 7 
5     * 6 5   7 9 6 8 1 6 3 3 1 5 5 7 1 2 8 4 1 1 
9   2   9 8     9 9 4 7 1 2 5 7 7 3 4 8 7 4 8 6 9 
7 2   3 4 1 6 9 7 5 9 1 5 1 7 5 6 5 5 5 1 1 2 1 3 
4   2 7 7 5 9   8 9 8 7 4 6 3 4 3 8 6 4 7 6 8 1 3 
5 4     4 9   9 5 7 2 8 4 4 4 5 8 6 6 8 3 7 6 3 7 
1 6   6 2 3 6 1 7 4 5 5 1 7 9 4 1 4 9 5 5 8 2 2 8 
7 8     9 4 9 6 6 8 4 2 4 5 3 7 6 5 8 7 3 3 9 4 4 
1 1 6 8 3 6   8 5 7 6 1 7 8 5 9 5 1 4 5 4 3 1 4 4 
8 6 3 8 1 7   8 7 3 3 8 7 8 2 2 4 5 9 4 5 9 8 8 6 
3 5   9 1 4     6 6 7 9 2 1 7 1 5 5 5 2 6 6 5 6 2 
8 4 5   8 9     4 2 7 1 1 3 1 7 3 7 5 2 7 4 3 5 9 
5 7 7 6 2 4   3 2 5 5 2 5 7 7 4 7 9 6 1 4 9 7 7 3 
9 2     5 3 7   5 9 3 7 5 9 7 6 1 2 9 5 3 2 2 4 9 
5 6 3 7 6 6 2 3 9 7 3 2 2 2 1 2 6 8 9 5 3 6 9 3 4 
3 5 6 8 2 8 6 2 2 7 6 2 9 9 8 3 6 3 8 1 5 1 1 6 2 
9 3 3 4 2 3   2 6 1 7 3 3 8 6 5 5 8 5 7 7 6 2 4 7 
3 7 8   5 1   4 7 5 1 5 9 3 4 5 6 5 8 7 3 4 6 6 5 
6 1 1 6 2 6 3 1 5 6 1 6 5 3 5 3 7 5 3 5 1 3 6 4 9 
7 4 4 3 9 3   8 8 8 5 1 6 9 4 2 8 8 2 8 4 8 1 2 8 
7 9 8 2 2 1 8 9 9 5 1 5 9 4 5 4 8 4 3 1 5 4 2 6 7 
7 6 4 9 6 5 5 9 9 3 5 8 9 1 8 7 4 3 8 5 3 3 9 3 4 
9 5 1 5 1 3 2 9 4 6 1 3 7 9 8 6 1 6 6 8 8 6 3 3 9 
8 9 2 2 5 7 5 8 1 1 8 8 1 9 7 5 7 8 6 1 9 8 7 8 1 

Step 35:
7 9   4 2 4   3 8 5 8 1 1 6 4 2 4 6 1 7 9 8 9 9 7 
4 9 6 3 6 6 6 8 8 1 4 1 6 9 5 7 3 3 4 8 7 1 2 9 7 
5       6 5   7 9 * 8 1 6 3 3 1 5 5 7 1 2 8 4 1 1 
9   2   9 8     9 9 4 7 1 2 5 7 7 3 4 8 7 4 8 6 9 
7 2   3 4 1 6 9 7 5 9 1 5 1 7 5 6 5 5 5 1 1 2 1 3 
4   2 7 7 5 9   8 9 8 7 4 6 3 4 3 8 6 4 7 6 8 1 3 
5 4     4 9   9 5 7 2 8 4 4 4 5 8 6 6 8 3 7 6 3 7 
1 6   6 2 3 6 1 7 4 5 5 1 7 9 4 1 4 9 5 5 8 2 2 8 
7 8     9 4 9 6 6 8 4 2 4 5 3 7 6 5 8 7 3 3 9 4 4 
1 1 6 8 3 6   8 5 7 6 1 7 8 5 9 5 1 4 5 4 3 1 4 4 
8 6 3 8 1 7   8 7 3 3 8 7 8 2 2 4 5 9 4 5 9 8 8 6 
3 5   9 1 4     6 6 7 9 2 1 7 1 5 5 5 2 6 6 5 6 2 
8 4 5   8 9     4 2 7 1 1 3 1 7 3 7 5 2 7 4 3 5 9 
5 7 7 6 2 4   3 2 5 5 2 5 7 7 4 7 9 6 1 4 9 7 7 3 
9 2     5 3 7   5 9 3 7 5 9 7 6 1 2 9 5 3 2 2 4 9 
5 6 3 7 6 6 2 3 9 7 3 2 2 2 1 2 6 8 9 5 3 6 9 3 4 
3 5 6 8 2 8 6 2 2 7 6 2 9 9 8 3 6 3 8 1 5 1 1 6 2 
9 3 3 4 2 3   2 6 1 7 3 3 8 6 5 5 8 5 7 7 6 2 4 7 
3 7 8   5 1   4 7 5 1 5 9 3 4 5 6 5 8 7 3 4 6 6 5 
6 1 1 6 2 6 3 1 5 6 1 6 5 3 5 3 7 5 3 5 1 3 6 4 9 
7 4 4 3 9 3   8 8 8 5 1 6 9 4 2 8 8 2 8 4 8 1 2 8 
7 9 8 2 2 1 8 9 9 5 1 5 9 4 5 4 8 4 3 1 5 4 2 6 7 
7 6 4 9 6 5 5 9 9 3 5 8 9 1 8 7 4 3 8 5 3 3 9 3 4 
9 5 1 5 1 3 2 9 4 6 1 3 7 9 8 6 1 6 6 8 8 6 3 3 9 
8 9 2 2 5 7 5 8 1 1 8 8 1 9 7 5 7 8 6 1 9 8 7 8 1 

Step 36:
7 9   4 2 4   3 8 5 8 1 1 6 4 2 4 6 1 7 9 8 9 9 7 
4 9 6 3 6 6 6 8 8 * 4 1 6 9 5 7 3 3 4 8 7 1 2 9 7 
5       6 5   7 9   8 1 6 3 3 1 5 5 7 1 2 8 4 1 1 
9   2   9 8     9 9 4 7 1 2 5 7 7 3 4 8 7 4 8 6 9 
7 2   3 4 1 6 9 7 5 9 1 5 1 7 5 6 5 5 5 1 1 2 1 3 
4   2 7 7 5 9   8 9 8 7 4 6 3 4 3 8 6 4 7 6 8 1 3 
5 4     4 9   9 5 7 2 8 4 4 4 5 8 6 6 8 3 7 6 3 7 
1 6   6 2 3 6 1 7 4 5 5 1 7 9 4 1 4 9 5 5 8 2 2 8 
7 8     9 4 9 6 6 8 4 2 4 5 3 7 6 5 8 7 3 3 9 4 4 
1 1 6 8 3 6   8 5 7 6 1 7 8 5 9 5 1 4 5 4 3 1 4 4 
8 6 3 8 1 7   8 7 3 3 8 7 8 2 2 4 5 9 4 5 9 8 8 6 
3 5   9 1 4     6 6 7 9 2 1 7 1 5 5 5 2 6 6 5 6 2 
8 4 5   8 9     4 2 7 1 1 3 1 7 3 7 5 2 7 4 3 5 9 
5 7 7 6 2 4   3 2 5 5 2 5 7 7 4 7 9 6 1 4 9 7 7 3 
9 2     5 3 7   5 9 3 7 5 9 7 6 1 2 9 5 3 2 2 4 9 
5 6 3 7 6 6 2 3 9 7 3 2 2 2 1 2 6 8 9 5 3 6 9 3 4 
3 5 6 8 2 8 6 2 2 7 6 2 9 9 8 3 6 3 8 1 5 1 1 6 2 
9 3 3 4 2 3   2 6 1 7 3 3 8 6 5 5 8 5 7 7 6 2 4 7 
3 7 8   5 1   4 7 5 1 5 9 3 4 5 6 5 8 7 3 4 6 6 5 
6 1 1 6 2 6 3 1 5 6 1 6 5 3 5 3 7 5 3 5 1 3 6 4 9 
7 4 4 3 9 3   8 8 8 5 1 6 9 4 2 8 8 2 8 4 8 1 2 8 
7 9 8 2 2 1 8 9 9 5 1 5 9 4 5 4 8 4 3 1 5 4 2 6 7 
7 6 4 9 6 5 5 9 9 3 5 8 9 1 8 7 4 3 8 5 3 3 9 3 4 
9 5 1 5 1 3 2 9 4 6 1 3 7 9 8 6 1 6 6 8 8 6 3 3 9 
8 9 2 2 5 7 5 8 1 1 8 8 1 9 7 5 7 8 6 1 9 8 7 8 1 

Step 37:
7 9   4 2 4   3 8 5 8 1 1 6 4 2 4 6 1 7 9 8 9 9 7 
4 * 6 3 6 6 6 8 8   4 1 6 9 5 7 3 3 4 8 7 1 2 9 7 
5       6 5   7 9   8 1 6 3 3 1 5 5 7 1 2 8 4 1 1 
9   2   9 8     9 9 4 7 1 2 5 7 7 3 4 8 7 4 8 6 9 
7 2   3 4 1 6 9 7 5 9 1 5 1 7 5 6 5 5 5 1 1 2 1 3 
4   2 7 7 5 9   8 9 8 7 4 6 3 4 3 8 6 4 7 6 8 1 3 
5 4     4 9   9 5 7 2 8 4 4 4 5 8 6 6 8 3 7 6 3 7 
1 6   6 2 3 6 1 7 4 5 5 1 7 9 4 1 4 9 5 5 8 2 2 8 
7 8     9 4 9 6 6 8 4 2 4 5 3 7 6 5 8 7 3 3 9 4 4 
1 1 6 8 3 6   8 5 7 6 1 7 8 5 9 5 1 4 5 4 3 1 4 4 
8 6 3 8 1 7   8 7 3 3 8 7 8 2 2 4 5 9 4 5 9 8 8 6 
3 5   9 1 4     6 6 7 9 2 1 7 1 5 5 5 2 6 6 5 6 2 
8 4 5   8 9     4 2 7 1 1 3 1 7 3 7 5 2 7 4 3 5 9 
5 7 7 6 2 4   3 2 5 5 2 5 7 7 4 7 9 6 1 4 9 7 7 3 
9 2     5 3 7   5 9 3 7 5 9 7 6 1 2 9 5 3 2 2 4 9 
5 6 3 7 6 6 2 3 9 7 3 2 2 2 1 2 6 8 9 5 3 6 9 3 4 
3 5 6 8 2 8 6 2 2 7 6 2 9 9 8 3 6 3 8 1 5 1 1 6 2 
9 3 3 4 2 3   2 6 1 7 3 3 8 6 5 5 8 5 7 7 6 2 4 7 
3 7 8   5 1   4 7 5 1 5 9 3 4 5 6 5 8 7 3 4 6 6 5 
6 1 1 6 2 6 3 1 5 6 1 6 5 3 5 3 7 5 3 5 1 3 6 4 9 
7 4 4 3 9 3   8 8 8 5 1 6 9 4 2 8 8 2 8 4 8 1 2 8 
7 9 8 2 2 1 8 9 9 5 1 5 9 4 5 4 8 4 3 1 5 4 2 6 7 
7 6 4 9 6 5 5 9 9 3 5 8 9 1 8 7 4 3 8 5 3 3 9 3 4 
9 5 1 5 1 3 2 9 4 6 1 3 7 9 8 6 1 6 6 8 8 6 3 3 9 
8 9 2 2 5 7 5 8 1 1 8 8 1 9 7 5 7 8 6 1 9 8 7 8 1 

Step 38:
7 9   4 2 4   3 8 5 8 1 1 6 4 2 4 6 1 7 9 8 9 9 7 
4   6 3 6 6 6 * 8   4 1 6 9 5 7 3 3 4 8 7 1 2 9 7 
5       6 5   7 9   8 1 6 3 3 1 5 5 7 1 2 8 4 1 1 
9   2   9 8     9 9 4 7 1 2 5 7 7 3 4 8 7 4 8 6 9 
7 2   3 4 1 6 9 7 5 9 1 5 1 7 5 6 5 5 5 1 1 2 1 3 
4   2 7 7 5 9   8 9 8 7 4 6 3 4 3 8 6 4 7 6 8 1 3 
5 4     4 9   9 5 7 2 8 4 4 4 5 8 6 6 8 3 7 6 3 7 
1 6   6 2 3 6 1 7 4 5 5 1 7 9 4 1 4 9 5 5 8 2 2 8 
7 8     9 4 9 6 6 8 4 2 4 5 3 7 6 5 8 7 3 3 9 4 4 
1 1 6 8 3 6   8 5 7 6 1 7 8 5 9 5 1 4 5 4 3 1 4 4 
8 6 3 8 1 7   8 7 3 3 8 7 8 2 2 4 5 9 4 5 9 8 8 6 
3 5   9 1 4     6 6 7 9 2 1 7 1 5 5 5 2 6 6 5 6 2 
8 4 5   8 9     4 2 7 1 1 3 1 7 3 7 5 2 7 4 3 5 9 
5 7 7 6 2 4   3 2 5 5 2 5 7 7 4 7 9 6 1 4 9 7 7 3 
9 2     5 3 7   5 9 3 7 5 9 7 6 1 2 9 5 3 2 2 4 9 
5 6 3 7 6 6 2 3 9 7 3 2 2 2 1 2 6 8 9 5 3 6 9 3 4 
3 5 6 8 2 8 6 2 2 7 6 2 9 9 8 3 6 3 8 1 5 1 1 6 2 
9 3 3 4 2 3   2 6 1 7 3 3 8 6 5 5 8 5 7 7 6 2 4 7 
3 7 8   5 1   4 7 5 1 5 9 3 4 5 6 5 8 7 3 4 6 6 5 
6 1 1 6 2 6 3 1 5 6 1 6 5 3 5 3 7 5 3 5 1 3 6 4 9 
7 4 4 3 9 3   8 8 8 5 1 6 9 4 2 8 8 2 8 4 8 1 2 8 
7 9 8 2 2 1 8 9 9 5 1 5 9 4 5 4 8 4 3 1 5 4 2 6 7 
7 6 4 9 6 5 5 9 9 3 5 8 9 1 8 7 4 3 8 5 3 3 9 3 4 
9 5 1 5 1 3 2 9 4 6 1 3 7 9 8 6 1 6 6 8 8 6 3 3 9 
8 9 2 2 5 7 5 8 1 1 8 8 1 9 7 5 7 8 6 1 9 8 7 8 1 

Step 39:
7 9   4 2 4   3 8 5 8 1 1 6 4 2 4 6 1 7 9 8 9 9 7 
4   6 3 6 6 6   8   4 1 6 9 5 7 3 3 4 8 7 1 2 9 7 
5       6 5   7 9   8 1 6 3 3 1 5 5 7 1 2 8 4 1 1 
9   2   9 8     9 9 4 7 1 2 5 7 7 3 4 8 7 4 8 6 9 
7 2   3 4 1 6 9 7 5 9 1 5 1 7 5 6 5 5 5 1 1 2 1 3 
4   2 7 7 5 9   8 9 8 7 4 6 3 4 3 8 6 4 7 6 8 1 3 
5 4     4 9   9 5 7 2 8 4 4 4 5 8 6 6 8 3 7 6 3 7 
1 6   6 2 3 6 1 7 4 5 5 1 7 9 4 1 4 9 5 5 8 2 2 8 
7 8     9 4 9 * 6 8 4 2 4 5 3 7 6 5 8 7 3 3 9 4 4 
1 1 6 8 3 6   8 5 7 6 1 7 8 5 9 5 1 4 5 4 3 1 4 4 
8 6 3 8 1 7   8 7 3 3 8 7 8 2 2 4 5 9 4 5 9 8 8 6 
3 5   9 1 4     6 6 7 9 2 1 7 1 5 5 5 2 6 6 5 6 2 
8 4 5   8 9     4 2 7 1 1 3 1 7 3 7 5 2 7 4 3 5 9 
5 7 7 6 2 4   3 2 5 5 2 5 7 7 4 7 9 6 1 4 9 7 7 3 
9 2     5 3 7   5 9 3 7 5 9 7 6 1 2 9 5 3 2 2 4 9 
5 6 3 7 6 6 2 3 9 7 3 2 2 2 1 2 6 8 9 5 3 6 9 3 4 
3 5 6 8 2 8 6 2 2 7 6 2 9 9 8 3 6 3 8 1 5 1 1 6 2 
9 3 3 4 2 3   2 6 1 7 3 3 8 6 5 5 8 5 7 7 6 2 4 7 
3 7 8   5 1   4 7 5 1 5 9 3 4 5 6 5 8 7 3 4 6 6 5 
6 1 1 6 2 6 3 1 5 6 1 6 5 3 5 3 7 5 3 5 1 3 6 4 9 
7 4 4 3 9 3   8 8 8 5 1 6 9 4 2 8 8 2 8 4 8 1 2 8 
7 9 8 2 2 1 8 9 9 5 1 5 9 4 5 4 8 4 3 1 5 4 2 6 7 
7 6 4 9 6 5 5 9 9 3 5 8 9 1 8 7 4 3 8 5 3 3 9 3 4 
9 5 1 5 1 3 2 9 4 6 1 3 7 9 8 6 1 6 6 8 8 6 3 3 9 
8 9 2 2 5 7 5 8 1 1 8 8 1 9 7 5 7 8 6 1 9 8 7 8 1 

Step 40:
7 9   4 2 4   3 8 5 8 1 1 6 4 2 4 6 1 7 9 8 9 9 7 
4   6 3 6 6 6   8   4 1 6 9 5 7 3 3 4 8 7 1 2 9 7 
5       6 5   7 9   8 1 6 3 3 1 5 5 7 1 2 8 4 1 1 
9   2   9 8     9 9 4 7 1 2 5 7 7 3 4 8 7 4 8 6 9 
7 2   3 4 1 6 9 7 5 9 1 5 1 7 5 6 5 5 5 1 1 2 1 3 
4   2 7 7 5 9   8 9 8 7 4 6 3 4 3 8 6 4 7 6 8 1 3 
5 4     4 9   9 5 7 2 8 4 4 4 5 8 6 6 8 3 7 6 3 7 
1 6   6 2 3 6 * 7 4 5 5 1 7 9 4 1 4 9 5 5 8 2 2 8 
7 8     9 4 9   6 8 4 2 4 5 3 7 6 5 8 7 3 3 9 4 4 
1 1 6 8 3 6   8 5 7 6 1 7 8 5 9 5 1 4 5 4 3 1 4 4 
8 6 3 8 1 7   8 7 3 3 8 7 8 2 2 4 5 9 4 5 9 8 8 6 
3 5   9 1 4     6 6 7 9 2 1 7 1 5 5 5 2 6 6 5 6 2 
8 4 5   8 9     4 2 7 1 1 3 1 7 3 7 5 2 7 4 3 5 9 
5 7 7 6 2 4   3 2 5 5 2 5 7 7 4 7 9 6 1 4 9 7 7 3 
9 2     5 3 7   5 9 3 7 5 9 7 6 1 2 9 5 3 2 2 4 9 
5 6 3 7 6 6 2 3 9 7 3 2 2 2 1 2 6 8 9 5 3 6 9 3 4 
3 5 6 8 2 8 6 2 2 7 6 2 9 9 8 3 6 3 8 1 5 1 1 6 2 
9 3 3 4 2 3   2 6 1 7 3 3 8 6 5 5 8 5 7 7 6 2 4 7 
3 7 8   5 1   4 7 5 1 5 9 3 4 5 6 5 8 7 3 4 6 6 5 
6 1 1 6 2 6 3 1 5 6 1 6 5 3 5 3 7 5 3 5 1 3 6 4 9 
7 4 4 3 9 3   8 8 8 5 1 6 9 4 2 8 8 2 8 4 8 1 2 8 
7 9 8 2 2 1 8 9 9 5 1 5 9 4 5 4 8 4 3 1 5 4 2 6 7 
7 6 4 9 6 5 5 9 9 3 5 8 9 1 8 7 4 3 8 5 3 3 9 3 4 
9 5 1 5 1 3 2 9 4 6 1 3 7 9 8 6 1 6 6 8 8 6 3 3 9 
8 9 2 2 5 7 5 8 1 1 8 8 1 9 7 5 7 8 6 1 9 8 7 8 1 

Step 41:
7 9   4 2 4   3 8 5 8 1 1 6 4 2 4 6 1 7 9 8 9 9 7 
4   6 3 6 6 6   8   4 1 6 9 5 7 3 3 4 8 7 1 2 9 7 
5       6 5   7 9   8 1 6 3 3 1 5 5 7 1 2 8 4 1 1 
9   2   9 8     9 9 4 7 1 2 5 7 7 3 4 8 7 4 8 6 9 
7 2   3 4 1 6 9 7 5 9 1 5 1 7 5 6 5 5 5 1 1 2 1 3 
4   2 7 7 5 9   8 9 8 7 4 6 3 4 3 8 6 4 7 6 8 1 3 
5 4     4 9   9 5 7 2 8 4 4 4 5 8 6 6 8 3 7 6 3 7 
1 *   6 2 3 6   7 4 5 5 1 7 9 4 1 4 9 5 5 8 2 2 8 
7 8     9 4 9   6 8 4 2 4 5 3 7 6 5 8 7 3 3 9 4 4 
1 1 6 8 3 6   8 5 7 6 1 7 8 5 9 5 1 4 5 4 3 1 4 4 
8 6 3 8 1 7   8 7 3 3 8 7 8 2 2 4 5 9 4 5 9 8 8 6 
3 5   9 1 4     6 6 7 9 2 1 7 1 5 5 5 2 6 6 5 6 2 
8 4 5   8 9     4 2 7 1 1 3 1 7 3 7 5 2 7 4 3 5 9 
5 7 7 6 2 4   3 2 5 5 2 5 7 7 4 7 9 6 1 4 9 7 7 3 
9 2     5 3 7   5 9 3 7 5 9 7 6 1 2 9 5 3 2 2 4 9 
5 6 3 7 6 6 2 3 9 7 3 2 2 2 1 2 6 8 9 5 3 6 9 3 4 
3 5 6 8 2 8 6 2 2 7 6 2 9 9 8 3 6 3 8 1 5 1 1 6 2 
9 3 3 4 2 3   2 6 1 7 3 3 8 6 5 5 8 5 7 7 6 2 4 7 
3 7 8   5 1   4 7 5 1 5 9 3 4 5 6 5 8 7 3 4 6 6 5 
6 1 1 6 2 6 3 1 5 6 1 6 5 3 5 3 7 5 3 5 1 3 6 4 9 
7 4 4 3 9 3   8 8 8 5 1 6 9 4 2 8 8 2 8 4 8 1 2 8 
7 9 8 2 2 1 8 9 9 5 1 5 9 4 5 4 8 4 3 1 5 4 2 6 7 
7 6 4 9 6 5 5 9 9 3 5 8 9 1 8 7 4 3 8 5 3 3 9 3 4 
9 5 1 5 1 3 2 9 4 6 1 3 7 9 8 6 1 6 6 8 8 6 3 3 9 
8 9 2 2 5 7 5 8 1 1 8 8 1 9 7 5 7 8 6 1 9 8 7 8 1 

Step 42:
7 9   4 2 4   3 8 5 8 1 1 6 4 2 4 6 1 7 9 8 9 9 7 
4   6 3 6 6 6   8   4 1 6 9 5 7 3 3 4 8 7 1 2 9 7 
5       6 5   7 9   8 1 6 3 3 1 5 5 7 1 2 8 4 1 1 
9   2   9 8     9 9 4 7 1 2 5 7 7 3 4 8 7 4 8 6 9 
7 2   3 4 1 6 9 7 5 9 1 5 1 7 5 6 5 5 5 1 1 2 1 3 
4   2 7 7 5 9   8 9 8 7 4 6 3 4 3 8 6 4 7 6 8 1 3 
5 4     4 9   9 5 7 2 8 4 4 4 5 8 6 6 8 3 7 6 3 7 
1     6 2 3 6   7 4 5 5 1 7 9 4 1 4 9 5 5 8 2 2 8 
7 8     9 4 9   6 8 4 2 4 5 3 7 6 5 8 7 3 3 9 4 4 
1 1 6 8 3 6   8 5 7 6 1 7 8 5 9 5 1 4 5 4 3 1 4 4 
8 6 3 8 1 7   8 7 3 3 8 7 8 2 2 4 5 9 4 5 9 8 8 6 
3 5   9 1 4     6 6 7 9 2 1 7 1 5 5 5 2 6 6 5 6 2 
8 4 5   8 9     4 2 7 1 1 3 1 7 3 7 5 2 7 4 3 5 9 
5 7 7 6 2 4   3 2 5 5 2 5 7 7 4 7 9 6 1 4 9 7 7 3 
9 2     5 3 7   5 9 3 7 5 9 7 6 1 2 9 5 3 2 2 4 9 
5 * 3 7 6 6 2 3 9 7 3 2 2 2 1 2 6 8 9 5 3 6 9 3 4 
3 5 6 8 2 8 6 2 2 7 6 2 9 9 8 3 6 3 8 1 5 1 1 6 2 
9 3 3 4 2 3   2 6 1 7 3 3 8 6 5 5 8 5 7 7 6 2 4 7 
3 7 8   5 1   4 7 5 1 5 9 3 4 5 6 5 8 7 3 4 6 6 5 
6 1 1 6 2 6 3 1 5 6 1 6 5 3 5 3 7 5 3 5 1 3 6 4 9 
7 4 4 3 9 3   8 8 8 5 1 6 9 4 2 8 8 2 8 4 8 1 2 8 
7 9 8 2 2 1 8 9 9 5 1 5 9 4 5 4 8 4 3 1 5 4 2 6 7 
7 6 4 9 6 5 5 9 9 3 5 8 9 1 8 7 4 3 8 5 3 3 9 3 4 
9 5 1 5 1 3 2 9 4 6 1 3 7 9 8 6 1 6 6 8 8 6 3 3 9 
8 9 2 2 5 7 5 8 1 1 8 8 1 9 7 5 7 8 6 1 9 8 7 8 1 

Step 43:
7 9   4 2 4   3 8 5 8 1 1 6 4 2 4 6 1 7 9 8 9 9 7 
4   6 3 6 6 6   8   4 1 6 9 5 7 3 3 4 8 7 1 2 9 7 
5       6 5   7 9   8 1 6 3 3 1 5 5 7 1 2 8 4 1 1 
9   2   9 8     9 9 4 7 1 2 5 7 7 3 4 8 7 4 8 6 9 
7 2   3 4 1 6 9 7 5 9 1 5 1 7 5 6 5 5 5 1 1 2 1 3 
4   2 7 7 5 9   8 9 8 7 4 6 3 4 3 8 6 4 7 6 8 1 3 
5 4     4 9   9 5 7 2 8 4 4 4 5 8 6 6 8 3 7 6 3 7 
1     6 2 3 6   7 4 5 5 1 7 9 4 1 4 9 5 5 8 2 2 8 
7 8     9 4 9   6 8 4 2 4 5 3 7 6 5 8 7 3 3 9 4 4 
1 1 6 8 3 6   8 5 7 6 1 7 8 5 9 5 1 4 5 4 3 1 4 4 
8 6 3 8 1 7   8 7 3 3 8 7 8 2 2 4 5 9 4 5 9 8 8 6 
3 5   9 1 4     6 6 7 9 2 1 7 1 5 5 5 2 6 6 5 6 2 
8 4 5   8 9     4 2 7 1 1 3 1 7 3 7 5 2 7 4 3 5 9 
5 * 7 6 2 4   3 2 5 5 2 5 7 7 4 7 9 6 1 4 9 7 7 3 
9 2     5 3 7   5 9 3 7 5 9 7 6 1 2 9 5 3 2 2 4 9 
5   3 7 6 6 2 3 9 7 3 2 2 2 1 2 6 8 9 5 3 6 9 3 4 
3 5 6 8 2 8 6 2 2 7 6 2 9 9 8 3 6 3 8 1 5 1 1 6 2 
9 3 3 4 2 3   2 6 1 7 3 3 8 6 5 5 8 5 7 7 6 2 4 7 
3 7 8   5 1   4 7 5 1 5 9 3 4 5 6 5 8 7 3 4 6 6 5 
6 1 1 6 2 6 3 1 5 6 1 6 5 3 5 3 7 5 3 5 1 3 6 4 9 
7 4 4 3 9 3   8 8 8 5 1 6 9 4 2 8 8 2 8 4 8 1 2 8 
7 9 8 2 2 1 8 9 9 5 1 5 9 4 5 4 8 4 3 1 5 4 2 6 7 
7 6 4 9 6 5 5 9 9 3 5 8 9 1 8 7 4 3 8 5 3 3 9 3 4 
9 5 1 5 1 3 2 9 4 6 1 3 7 9 8 6 1 6 6 8 8 6 3 3 9 
8 9 2 2 5 7 5 8 1 1 8 8 1 9 7 5 7 8 6 1 9 8 7 8 1 

Step 44:
7 9   4 2 4   3 8 5 8 1 1 6 4 2 4 6 1 7 9 8 9 9 7 
4   6 3 6 6 6   8   4 1 6 9 5 7 3 3 4 8 7 1 2 9 7 
5       6 5   7 9   8 1 6 3 3 1 5 5 7 1 2 8 4 1 1 
9   2   9 8     9 9 4 7 1 2 5 7 7 3 4 8 7 4 8 6 9 
7 2   3 4 1 6 9 7 5 9 1 5 1 7 5 6 5 5 5 1 1 2 1 3 
4   2 7 7 5 9   8 9 8 7 4 6 3 4 3 8 6 4 7 6 8 1 3 
5 4     4 9   9 5 7 2 8 4 4 4 5 8 6 6 8 3 7 6 3 7 
1     6 2 3 6   7 4 5 5 1 7 9 4 1 4 9 5 5 8 2 2 8 
7 8     9 4 9   6 8 4 2 4 5 3 7 6 5 8 7 3 3 9 4 4 
1 * 6 8 3 6   8 5 7 6 1 7 8 5 9 5 1 4 5 4 3 1 4 4 
8 6 3 8 1 7   8 7 3 3 8 7 8 2 2 4 5 9 4 5 9 8 8 6 
3 5   9 1 4     6 6 7 9 2 1 7 1 5 5 5 2 6 6 5 6 2 
8 4 5   8 9     4 2 7 1 1 3 1 7 3 7 5 2 7 4 3 5 9 
5   7 6 2 4   3 2 5 5 2 5 7 7 4 7 9 6 1 4 9 7 7 3 
9 2     5 3 7   5 9 3 7 5 9 7 6 1 2 9 5 3 2 2 4 9 
5   3 7 6 6 2 3 9 7 3 2 2 2 1 2 6 8 9 5 3 6 9 3 4 
3 5 6 8 2 8 6 2 2 7 6 2 9 9 8 3 6 3 8 1 5 1 1 6 2 
9 3 3 4 2 3   2 6 1 7 3 3 8 6 5 5 8 5 7 7 6 2 4 7 
3 7 8   5 1   4 7 5 1 5 9 3 4 5 6 5 8 7 3 4 6 6 5 
6 1 1 6 2 6 3 1 5 6 1 6 5 3 5 3 7 5 3 5 1 3 6 4 9 
7 4 4 3 9 3   8 8 8 5 1 6 9 4 2 8 8 2 8 4 8 1 2 8 
7 9 8 2 2 1 8 9 9 5 1 5 9 4 5 4 8 4 3 1 5 4 2 6 7 
7 6 4 9 6 5 5 9 9 3 5 8 9 1 8 7 4 3 8 5 3 3 9 3 4 
9 5 1 5 1 3 2 9 4 6 1 3 7 9 8 6 1 6 6 8 8 6 3 3 9 
8 9 2 2 5 7 5 8 1 1 8 8 1 9 7 5 7 8 6 1 9 8 7 8 1 

Step 45:
7 9   4 2 4   3 8 5 8 1 1 6 4 2 4 6 1 7 9 8 9 9 7 
4   6 3 6 6 6   8   4 1 6 9 5 7 3 3 4 8 7 1 2 9 7 
5       6 5   7 9   8 1 6 3 3 1 5 5 7 1 2 8 4 1 1 
9   2   9 8     9 9 4 7 1 2 5 7 7 3 4 8 7 4 8 6 9 
7 2   3 4 1 6 9 7 5 9 1 5 1 7 5 6 5 5 5 1 1 2 1 3 
4   2 7 7 5 9   8 9 8 7 4 6 3 4 3 8 6 4 7 6 8 1 3 
5 4     4 9   9 5 7 2 8 4 4 4 5 8 6 6 8 3 7 6 3 7 
1     6 2 3 6   7 4 5 5 1 7 9 4 1 4 9 5 5 8 2 2 8 
7 8     9 4 9   6 8 4 2 4 5 3 7 6 5 8 7 3 3 9 4 4 
*   6 8 3 6   8 5 7 6 1 7 8 5 9 5 1 4 5 4 3 1 4 4 
8 6 3 8 1 7   8 7 3 3 8 7 8 2 2 4 5 9 4 5 9 8 8 6 
3 5   9 1 4     6 6 7 9 2 1 7 1 5 5 5 2 6 6 5 6 2 
8 4 5   8 9     4 2 7 1 1 3 1 7 3 7 5 2 7 4 3 5 9 
5   7 6 2 4   3 2 5 5 2 5 7 7 4 7 9 6 1 4 9 7 7 3 
9 2     5 3 7   5 9 3 7 5 9 7 6 1 2 9 5 3 2 2 4 9 
5   3 7 6 6 2 3 9 7 3 2 2 2 1 2 6 8 9 5 3 6 9 3 4 
3 5 6 8 2 8 6 2 2 7 6 2 9 9 8 3 6 3 8 1 5 1 1 6 2 
9 3 3 4 2 3   2 6 1 7 3 3 8 6 5 5 8 5 7 7 6 2 4 7 
3 7 8   5 1   4 7 5 1 5 9 3 4 5 6 5 8 7 3 4 6 6 5 
6 1 1 6 2 6 3 1 5 6 1 6 5 3 5 3 7 5 3 5 1 3 6 4 9 
7 4 4 3 9 3   8 8 8 5 1 6 9 4 2 8 8 2 8 4 8 1 2 8 
7 9 8 2 2 1 8 9 9 5 1 5 9 4 5 4 8 4 3 1 5 4 2 6 7 
7 6 4 9 6 5 5 9 9 3 5 8 9 1 8 7 4 3 8 5 3 3 9 3 4 
9 5 1 5 1 3 2 9 4 6 1 3 7 9 8 6 1 6 6 8 8 6 3 3 9 
8 9 2 2 5 7 5 8 1 1 8 8 1 9 7 5 7 8 6 1 9 8 7 8 1 

Step 46:
7 9   4 2 4   3 8 5 8 1 1 6 4 2 4 6 1 7 9 8 9 9 7 
4   6 3 6 6 6   8   4 1 6 9 5 7 3 3 4 8 7 1 2 9 7 
*       6 5   7 9   8 1 6 3 3 1 5 5 7 1 2 8 4 1 1 
9   2   9 8     9 9 4 7 1 2 5 7 7 3 4 8 7 4 8 6 9 
7 2   3 4 1 6 9 7 5 9 1 5 1 7 5 6 5 5 5 1 1 2 1 3 
4   2 7 7 5 9   8 9 8 7 4 6 3 4 3 8 6 4 7 6 8 1 3 
5 4     4 9   9 5 7 2 8 4 4 4 5 8 6 6 8 3 7 6 3 7 
1     6 2 3 6   7 4 5 5 1 7 9 4 1 4 9 5 5 8 2 2 8 
7 8     9 4 9   6 8 4 2 4 5 3 7 6 5 8 7 3 3 9 4 4 
    6 8 3 6   8 5 7 6 1 7 8 5 9 5 1 4 5 4 3 1 4 4 
8 6 3 8 1 7   8 7 3 3 8 7 8 2 2 4 5 9 4 5 9 8 8 6 
3 5   9 1 4     6 6 7 9 2 1 7 1 5 5 5 2 6 6 5 6 2 
8 4 5   8 9     4 2 7 1 1 3 1 7 3 7 5 2 7 4 3 5 9 
5   7 6 2 4   3 2 5 5 2 5 7 7 4 7 9 6 1 4 9 7 7 3 
9 2     5 3 7   5 9 3 7 5 9 7 6 1 2 9 5 3 2 2 4 9 
5   3 7 6 6 2 3 9 7 3 2 2 2 1 2 6 8 9 5 3 6 9 3 4 
3 5 6 8 2 8 6 2 2 7 6 2 9 9 8 3 6 3 8 1 5 1 1 6 2 
9 3 3 4 2 3   2 6 1 7 3 3 8 6 5 5 8 5 7 7 6 2 4 7 
3 7 8   5 1   4 7 5 1 5 9 3 4 5 6 5 8 7 3 4 6 6 5 
6 1 1 6 2 6 3 1 5 6 1 6 5 3 5 3 7 5 3 5 1 3 6 4 9 
7 4 4 3 9 3   8 8 8 5 1 6 9 4 2 8 8 2 8 4 8 1 2 8 
7 9 8 2 2 1 8 9 9 5 1 5 9 4 5 4 8 4 3 1 5 4 2 6 7 
7 6 4 9 6 5 5 9 9 3 5 8 9 1 8 7 4 3 8 5 3 3 9 3 4 
9 5 1 5 1 3 2 9 4 6 1 3 7 9 8 6 1 6 6 8 8 6 3 3 9 
8 9 2 2 5 7 5 8 1 1 8 8 1 9 7 5 7 8 6 1 9 8 7 8 1 

Step 47:
7 9   4 2 4   3 8 5 8 1 1 6 4 2 4 6 1 7 9 8 9 9 7 
4   6 3 6 6 6   8   4 1 6 9 5 7 3 3 4 8 7 1 2 9 7 
        6 5   7 9   8 1 6 3 3 1 5 5 7 1 2 8 4 1 1 
9   2   9 8     9 9 4 7 1 2 5 7 7 3 4 8 7 4 8 6 9 
7 2   3 4 1 6 9 7 5 9 1 5 1 7 5 6 5 5 5 1 1 2 1 3 
4   2 7 7 5 9   8 9 8 7 4 6 3 4 3 8 6 4 7 6 8 1 3 
5 4     4 9   9 5 7 2 8 4 4 4 5 8 6 6 8 3 7 6 3 7 
1     6 2 3 6   7 4 5 5 1 7 9 4 1 4 9 5 5 8 2 2 8 
7 8     9 4 9   6 8 4 2 4 5 3 7 6 5 8 7 3 3 9 4 4 
    6 8 3 6   8 5 7 6 1 7 8 5 9 5 1 4 5 4 3 1 4 4 
8 6 3 8 1 7   8 7 3 3 8 7 8 2 2 4 5 9 4 5 9 8 8 6 
* 5   9 1 4     6 6 7 9 2 1 7 1 5 5 5 2 6 6 5 6 2 
8 4 5   8 9     4 2 7 1 1 3 1 7 3 7 5 2 7 4 3 5 9 
5   7 6 2 4   3 2 5 5 2 5 7 7 4 7 9 6 1 4 9 7 7 3 
9 2     5 3 7   5 9 3 7 5 9 7 6 1 2 9 5 3 2 2 4 9 
5   3 7 6 6 2 3 9 7 3 2 2 2 1 2 6 8 9 5 3 6 9 3 4 
3 5 6 8 2 8 6 2 2 7 6 2 9 9 8 3 6 3 8 1 5 1 1 6 2 
9 3 3 4 2 3   2 6 1 7 3 3 8 6 5 5 8 5 7 7 6 2 4 7 
3 7 8   5 1   4 7 5 1 5 9 3 4 5 6 5 8 7 3 4 6 6 5 
6 1 1 6 2 6 3 1 5 6 1 6 5 3 5 3 7 5 3 5 1 3 6 4 9 
7 4 4 3 9 3   8 8 8 5 1 6 9 4 2 8 8 2 8 4 8 1 2 8 
7 9 8 2 2 1 8 9 9 5 1 5 9 4 5 4 8 4 3 1 5 4 2 6 7 
7 6 4 9 6 5 5 9 9 3 5 8 9 1 8 7 4 3 8 5 3 3 9 3 4 
9 5 1 5 1 3 2 9 4 6 1 3 7 9 8 6 1 6 6 8 8 6 3 3 9 
8 9 2 2 5 7 5 8 1 1 8 8 1 9 7 5 7 8 6 1 9 8 7 8 1 

Step 48:
7 9   4 2 4   3 8 5 8 1 1 6 4 2 4 6 1 7 9 8 9 9 7 
4   6 3 6 6 6   8   4 1 6 9 5 7 3 3 4 8 7 1 2 9 7 
        6 5   7 9   8 1 6 3 3 1 5 5 7 1 2 8 4 1 1 
*   2   9 8     9 9 4 7 1 2 5 7 7 3 4 8 7 4 8 6 9 
7 2   3 4 1 6 9 7 5 9 1 5 1 7 5 6 5 5 5 1 1 2 1 3 
4   2 7 7 5 9   8 9 8 7 4 6 3 4 3 8 6 4 7 6 8 1 3 
5 4     4 9   9 5 7 2 8 4 4 4 5 8 6 6 8 3 7 6 3 7 
1     6 2 3 6   7 4 5 5 1 7 9 4 1 4 9 5 5 8 2 2 8 
7 8     9 4 9   6 8 4 2 4 5 3 7 6 5 8 7 3 3 9 4 4 
    6 8 3 6   8 5 7 6 1 7 8 5 9 5 1 4 5 4 3 1 4 4 
8 6 3 8 1 7   8 7 3 3 8 7 8 2 2 4 5 9 4 5 9 8 8 6 
  5   9 1 4     6 6 7 9 2 1 7 1 5 5 5 2 6 6 5 6 2 
8 4 5   8 9     4 2 7 1 1 3 1 7 3 7 5 2 7 4 3 5 9 
5   7 6 2 4   3 2 5 5 2 5 7 7 4 7 9 6 1 4 9 7 7 3 
9 2     5 3 7   5 9 3 7 5 9 7 6 1 2 9 5 3 2 2 4 9 
5   3 7 6 6 2 3 9 7 3 2 2 2 1 2 6 8 9 5 3 6 9 3 4 
3 5 6 8 2 8 6 2 2 7 6 2 9 9 8 3 6 3 8 1 5 1 1 6 2 
9 3 3 4 2 3   2 6 1 7 3 3 8 6 5 5 8 5 7 7 6 2 4 7 
3 7 8   5 1   4 7 5 1 5 9 3 4 5 6 5 8 7 3 4 6 6 5 
6 1 1 6 2 6 3 1 5 6 1 6 5 3 5 3 7 5 3 5 1 3 6 4 9 
7 4 4 3 9 3   8 8 8 5 1 6 9 4 2 8 8 2 8 4 8 1 2 8 
7 9 8 2 2 1 8 9 9 5 1 5 9 4 5 4 8 4 3 1 5 4 2 6 7 
7 6 4 9 6 5 5 9 9 3 5 8 9 1 8 7 4 3 8 5 3 3 9 3 4 
9 5 1 5 1 3 2 9 4 6 1 3 7 9 8 6 1 6 6 8 8 6 3 3 9 
8 9 2 2 5 7 5 8 1 1 8 8 1 9 7 5 7 8 6 1 9 8 7 8 1 

Step 49:
7 9   4 2 4   3 8 5 8 1 1 6 4 2 4 6 1 7 9 8 9 9 7 
4   6 3 6 6 6   8   4 1 6 9 5 7 3 3 4 8 7 1 2 9 7 
        6 5   7 9   8 1 6 3 3 1 5 5 7 1 2 8 4 1 1 
    2   9 8     9 9 4 7 1 2 5 7 7 3 4 8 7 4 8 6 9 
7 2   3 4 1 6 9 7 5 9 1 5 1 7 5 6 5 5 5 1 1 2 1 3 
4   2 7 7 5 9   8 9 8 7 4 6 3 4 3 8 6 4 7 6 8 1 3 
5 4     4 9   9 5 7 2 8 4 4 4 5 8 6 6 8 3 7 6 3 7 
1     6 2 3 6   7 4 5 5 1 7 9 4 1 4 9 5 5 8 2 2 8 
7 8     9 4 9   6 8 4 2 4 5 3 7 6 5 8 7 3 3 9 4 4 
    6 8 3 6   8 5 7 6 1 7 8 5 9 5 1 4 5 4 3 1 4 4 
* 6 3 8 1 7   8 7 3 3 8 7 8 2 2 4 5 9 4 5 9 8 8 6 
  5   9 1 4     6 6 7 9 2 1 7 1 5 5 5 2 6 6 5 6 2 
8 4 5   8 9     4 2 7 1 1 3 1 7 3 7 5 2 7 4 3 5 9 
5   7 6 2 4   3 2 5 5 2 5 7 7 4 7 9 6 1 4 9 7 7 3 
9 2     5 3 7   5 9 3 7 5 9 7 6 1 2 9 5 3 2 2 4 9 
5   3 7 6 6 2 3 9 7 3 2 2 2 1 2 6 8 9 5 3 6 9 3 4 
3 5 6 8 2 8 6 2 2 7 6 2 9 9 8 3 6 3 8 1 5 1 1 6 2 
9 3 3 4 2 3   2 6 1 7 3 3 8 6 5 5 8 5 7 7 6 2 4 7 
3 7 8   5 1   4 7 5 1 5 9 3 4 5 6 5 8 7 3 4 6 6 5 
6 1 1 6 2 6 3 1 5 6 1 6 5 3 5 3 7 5 3 5 1 3 6 4 9 
7 4 4 3 9 3   8 8 8 5 1 6 9 4 2 8 8 2 8 4 8 1 2 8 
7 9 8 2 2 1 8 9 9 5 1 5 9 4 5 4 8 4 3 1 5 4 2 6 7 
7 6 4 9 6 5 5 9 9 3 5 8 9 1 8 7 4 3 8 5 3 3 9 3 4 
9 5 1 5 1 3 2 9 4 6 1 3 7 9 8 6 1 6 6 8 8 6 3 3 9 
8 9 2 2 5 7 5 8 1 1 8 8 1 9 7 5 7 8 6 1 9 8 7 8 1 

Step 50:
7 9   4 2 4   3 8 5 8 1 1 6 4 2 4 6 1 7 9 8 9 9 7 
4   6 3 6 6 6   8   4 1 6 9 5 7 3 3 4 8 7 1 2 9 7 
        6 5   7 9   8 1 6 3 3 1 5 5 7 1 2 8 4 1 1 
    2   9 8     9 9 4 7 1 2 5 7 7 3 4 8 7 4 8 6 9 
7 2   3 4 1 6 9 7 5 9 1 5 1 7 5 6 5 5 5 1 1 2 1 3 
4   2 7 7 5 9   8 9 8 7 4 6 3 4 3 8 6 4 7 6 8 1 3 
5 4     4 9   9 5 7 2 8 4 4 4 5 8 6 6 8 3 7 6 3 7 
1     6 2 3 6   7 4 5 5 1 7 9 4 1 4 9 5 5 8 2 2 8 
7 8     9 4 9   6 8 4 2 4 5 3 7 6 5 8 7 3 3 9 4 4 
    6 8 3 6   8 5 7 6 1 7 8 5 9 5 1 4 5 4 3 1 4 4 
  6 3 8 1 7   8 7 3 3 8 7 8 2 2 4 5 9 4 5 9 8 8 6 
  5   9 1 4     6 6 7 9 2 1 7 1 5 5 5 2 6 6 5 6 2 
8 4 5   8 9     4 2 7 1 1 3 1 7 3 7 5 2 7 4 3 5 9 
5   7 6 2 4   3 2 5 5 2 5 7 7 4 7 9 6 1 4 9 7 7 3 
9 2     5 3 7   5 9 3 7 5 9 7 6 1 2 9 5 3 2 2 4 9 
5   3 7 6 * 2 3 9 7 3 2 2 2 1 2 6 8 9 5 3 6 9 3 4 
3 5 6 8 2 8 6 2 2 7 6 2 9 9 8 3 6 3 8 1 5 1 1 6 2 
9 3 3 4 2 3   2 6 1 7 3 3 8 6 5 5 8 5 7 7 6 2 4 7 
3 7 8   5 1   4 7 5 1 5 9 3 4 5 6 5 8 7 3 4 6 6 5 
6 1 1 6 2 6 3 1 5 6 1 6 5 3 5 3 7 5 3 5 1 3 6 4 9 
7 4 4 3 9 3   8 8 8 5 1 6 9 4 2 8 8 2 8 4 8 1 2 8 
7 9 8 2 2 1 8 9 9 5 1 5 9 4 5 4 8 4 3 1 5 4 2 6 7 
7 6 4 9 6 5 5 9 9 3 5 8 9 1 8 7 4 3 8 5 3 3 9 3 4 
9 5 1 5 1 3 2 9 4 6 1 3 7 9 8 6 1 6 6 8 8 6 3 3 9 
8 9 2 2 5 7 5 8 1 1 8 8 1 9 7 5 7 8 6 1 9 8 7 8 1 

Step 51:
7 9   4 2 4   3 8 5 8 1 1 6 4 2 4 6 1 7 9 8 9 9 7 
4   6 3 6 6 6   8   4 1 6 9 5 7 3 3 4 8 7 1 2 9 7 
        6 5   7 9   8 1 6 3 3 1 5 5 7 1 2 8 4 1 1 
    2   9 8     9 9 4 7 1 2 5 7 7 3 4 8 7 4 8 6 9 
7 2   3 4 1 6 9 7 5 9 1 5 1 7 5 6 5 5 5 1 1 2 1 3 
4   2 7 7 5 9   8 9 8 7 4 6 3 4 3 8 6 4 7 6 8 1 3 
5 4     4 9   9 5 7 2 8 4 4 4 5 8 6 6 8 3 7 6 3 7 
1     6 2 3 6   7 4 5 5 1 7 9 4 1 4 9 5 5 8 2 2 8 
7 8     9 4 9   6 8 4 2 4 5 3 7 6 5 8 7 3 3 9 4 4 
    6 8 3 6   8 5 7 6 1 7 8 5 9 5 1 4 5 4 3 1 4 4 
  6 3 8 1 7   8 7 3 3 8 7 8 2 2 4 5 9 4 5 9 8 8 6 
  5   9 1 4     6 6 7 9 2 1 7 1 5 5 5 2 6 6 5 6 2 
8 4 5   8 *     4 2 7 1 1 3 1 7 3 7 5 2 7 4 3 5 9 
5   7 6 2 4   3 2 5 5 2 5 7 7 4 7 9 6 1 4 9 7 7 3 
9 2     5 3 7   5 9 3 7 5 9 7 6 1 2 9 5 3 2 2 4 9 
5   3 7 6   2 3 9 7 3 2 2 2 1 2 6 8 9 5 3 6 9 3 4 
3 5 6 8 2 8 6 2 2 7 6 2 9 9 8 3 6 3 8 1 5 1 1 6 2 
9 3 3 4 2 3   2 6 1 7 3 3 8 6 5 5 8 5 7 7 6 2 4 7 
3 7 8   5 1   4 7 5 1 5 9 3 4 5 6 5 8 7 3 4 6 6 5 
6 1 1 6 2 6 3 1 5 6 1 6 5 3 5 3 7 5 3 5 1 3 6 4 9 
7 4 4 3 9 3   8 8 8 5 1 6 9 4 2 8 8 2 8 4 8 1 2 8 
7 9 8 2 2 1 8 9 9 5 1 5 9 4 5 4 8 4 3 1 5 4 2 6 7 
7 6 4 9 6 5 5 9 9 3 5 8 9 1 8 7 4 3 8 5 3 3 9 3 4 
9 5 1 5 1 3 2 9 4 6 1 3 7 9 8 6 1 6 6 8 8 6 3 3 9 
8 9 2 2 5 7 5 8 1 1 8 8 1 9 7 5 7 8 6 1 9 8 7 8 1 

Step 52:
7 9   4 2 4   3 8 5 8 1 1 6 4 2 4 6 1 7 9 8 9 9 7 
4   6 3 6 6 6   8   4 1 6 9 5 7 3 3 4 8 7 1 2 9 7 
        6 5   7 9   8 1 6 3 3 1 5 5 7 1 2 8 4 1 1 
    2   9 8     9 9 4 7 1 2 5 7 7 3 4 8 7 4 8 6 9 
7 2   3 4 1 6 9 7 5 9 1 5 1 7 5 6 5 5 5 1 1 2 1 3 
4   2 7 7 5 9   8 9 8 7 4 6 3 4 3 8 6 4 7 6 8 1 3 
5 4     4 9   9 5 7 2 8 4 4 4 5 8 6 6 8 3 7 6 3 7 
1     6 2 3 6   7 4 5 5 1 7 9 4 1 4 9 5 5 8 2 2 8 
7 8     9 * 9   6 8 4 2 4 5 3 7 6 5 8 7 3 3 9 4 4 
    6 8 3 6   8 5 7 6 1 7 8 5 9 5 1 4 5 4 3 1 4 4 
  6 3 8 1 7   8 7 3 3 8 7 8 2 2 4 5 9 4 5 9 8 8 6 
  5   9 1 4     6 6 7 9 2 1 7 1 5 5 5 2 6 6 5 6 2 
8 4 5   8       4 2 7 1 1 3 1 7 3 7 5 2 7 4 3 5 9 
5   7 6 2 4   3 2 5 5 2 5 7 7 4 7 9 6 1 4 9 7 7 3 
9 2     5 3 7   5 9 3 7 5 9 7 6 1 2 9 5 3 2 2 4 9 
5   3 7 6   2 3 9 7 3 2 2 2 1 2 6 8 9 5 3 6 9 3 4 
3 5 6 8 2 8 6 2 2 7 6 2 9 9 8 3 6 3 8 1 5 1 1 6 2 
9 3 3 4 2 3   2 6 1 7 3 3 8 6 5 5 8 5 7 7 6 2 4 7 
3 7 8   5 1   4 7 5 1 5 9 3 4 5 6 5 8 7 3 4 6 6 5 
6 1 1 6 2 6 3 1 5 6 1 6 5 3 5 3 7 5 3 5 1 3 6 4 9 
7 4 4 3 9 3   8 8 8 5 1 6 9 4 2 8 8 2 8 4 8 1 2 8 
7 9 8 2 2 1 8 9 9 5 1 5 9 4 5 4 8 4 3 1 5 4 2 6 7 
7 6 4 9 6 5 5 9 9 3 5 8 9 1 8 7 4 3 8 5 3 3 9 3 4 
9 5 1 5 1 3 2 9 4 6 1 3 7 9 8 6 1 6 6 8 8 6 3 3 9 
8 9 2 2 5 7 5 8 1 1 8 8 1 9 7 5 7 8 6 1 9 8 7 8 1 

Step 53:
7 9   4 2 4   3 8 5 8 1 1 6 4 2 4 6 1 7 9 8 9 9 7 
4   6 3 6 6 6   8   4 1 6 9 5 7 3 3 4 8 7 1 2 9 7 
        6 5   7 9   8 1 6 3 3 1 5 5 7 1 2 8 4 1 1 
    2   9 8     9 9 4 7 1 2 5 7 7 3 4 8 7 4 8 6 9 
7 2   3 4 1 6 9 7 5 9 1 5 1 7 5 6 5 5 5 1 1 2 1 3 
4   2 7 7 * 9   8 9 8 7 4 6 3 4 3 8 6 4 7 6 8 1 3 
5 4     4 9   9 5 7 2 8 4 4 4 5 8 6 6 8 3 7 6 3 7 
1     6 2 3 6   7 4 5 5 1 7 9 4 1 4 9 5 5 8 2 2 8 
7 8     9   9   6 8 4 2 4 5 3 7 6 5 8 7 3 3 9 4 4 
    6 8 3 6   8 5 7 6 1 7 8 5 9 5 1 4 5 4 3 1 4 4 
  6 3 8 1 7   8 7 3 3 8 7 8 2 2 4 5 9 4 5 9 8 8 6 
  5   9 1 4     6 6 7 9 2 1 7 1 5 5 5 2 6 6 5 6 2 
8 4 5   8       4 2 7 1 1 3 1 7 3 7 5 2 7 4 3 5 9 
5   7 6 2 4   3 2 5 5 2 5 7 7 4 7 9 6 1 4 9 7 7 3 
9 2     5 3 7   5 9 3 7 5 9 7 6 1 2 9 5 3 2 2 4 9 
5   3 7 6   2 3 9 7 3 2 2 2 1 2 6 8 9 5 3 6 9 3 4 
3 5 6 8 2 8 6 2 2 7 6 2 9 9 8 3 6 3 8 1 5 1 1 6 2 
9 3 3 4 2 3   2 6 1 7 3 3 8 6 5 5 8 5 7 7 6 2 4 7 
3 7 8   5 1   4 7 5 1 5 9 3 4 5 6 5 8 7 3 4 6 6 5 
6 1 1 6 2 6 3 1 5 6 1 6 5 3 5 3 7 5 3 5 1 3 6 4 9 
7 4 4 3 9 3   8 8 8 5 1 6 9 4 2 8 8 2 8 4 8 1 2 8 
7 9 8 2 2 1 8 9 9 5 1 5 9 4 5 4 8 4 3 1 5 4 2 6 7 
7 6 4 9 6 5 5 9 9 3 5 8 9 1 8 7 4 3 8 5 3 3 9 3 4 
9 5 1 5 1 3 2 9 4 6 1 3 7 9 8 6 1 6 6 8 8 6 3 3 9 
8 9 2 2 5 7 5 8 1 1 8 8 1 9 7 5 7 8 6 1 9 8 7 8 1 

Step 54:
7 9   4 2 4   3 8 5 8 1 1 6 4 2 4 6 1 7 9 8 9 9 7 
4   6 3 6 6 6   8   4 1 6 9 5 7 3 3 4 8 7 1 2 9 7 
        6 5   7 9   8 1 6 3 3 1 5 5 7 1 2 8 4 1 1 
    2   9 8     9 9 4 7 1 2 5 7 7 3 4 8 7 4 8 6 9 
7 2   3 4 * 6 9 7 5 9 1 5 1 7 5 6 5 5 5 1 1 2 1 3 
4   2 7 7   9   8 9 8 7 4 6 3 4 3 8 6 4 7 6 8 1 3 
5 4     4 9   9 5 7 2 8 4 4 4 5 8 6 6 8 3 7 6 3 7 
1     6 2 3 6   7 4 5 5 1 7 9 4 1 4 9 5 5 8 2 2 8 
7 8     9   9   6 8 4 2 4 5 3 7 6 5 8 7 3 3 9 4 4 
    6 8 3 6   8 5 7 6 1 7 8 5 9 5 1 4 5 4 3 1 4 4 
  6 3 8 1 7   8 7 3 3 8 7 8 2 2 4 5 9 4 5 9 8 8 6 
  5   9 1 4     6 6 7 9 2 1 7 1 5 5 5 2 6 6 5 6 2 
8 4 5   8       4 2 7 1 1 3 1 7 3 7 5 2 7 4 3 5 9 
5   7 6 2 4   3 2 5 5 2 5 7 7 4 7 9 6 1 4 9 7 7 3 
9 2     5 3 7   5 9 3 7 5 9 7 6 1 2 9 5 3 2 2 4 9 
5   3 7 6   2 3 9 7 3 2 2 2 1 2 6 8 9 5 3 6 9 3 4 
3 5 6 8 2 8 6 2 2 7 6 2 9 9 8 3 6 3 8 1 5 1 1 6 2 
9 3 3 4 2 3   2 6 1 7 3 3 8 6 5 5 8 5 7 7 6 2 4 7 
3 7 8   5 1   4 7 5 1 5 9 3 4 5 6 5 8 7 3 4 6 6 5 
6 1 1 6 2 6 3 1 5 6 1 6 5 3 5 3 7 5 3 5 1 3 6 4 9 
7 4 4 3 9 3   8 8 8 5 1 6 9 4 2 8 8 2 8 4 8 1 2 8 
7 9 8 2 2 1 8 9 9 5 1 5 9 4 5 4 8 4 3 1 5 4 2 6 7 
7 6 4 9 6 5 5 9 9 3 5 8 9 1 8 7 4 3 8 5 3 3 9 3 4 
9 5 1 5 1 3 2 9 4 6 1 3 7 9 8 6 1 6 6 8 8 6 3 3 9 
8 9 2 2 5 7 5 8 1 1 8 8 1 9 7 5 7 8 6 1 9 8 7 8 1 

Step 55:
7 9   4 2 4   3 8 5 8 1 1 6 4 2 4 6 1 7 9 8 9 9 7 
4   6 3 6 6 6   8   4 1 6 9 5 7 3 3 4 8 7 1 2 9 7 
        6 5   7 9   8 1 6 3 3 1 5 5 7 1 2 8 4 1 1 
    2   9 8     9 9 4 7 1 2 5 7 7 3 4 8 7 4 8 6 9 
7 *   3 4   6 9 7 5 9 1 5 1 7 5 6 5 5 5 1 1 2 1 3 
4   2 7 7   9   8 9 8 7 4 6 3 4 3 8 6 4 7 6 8 1 3 
5 4     4 9   9 5 7 2 8 4 4 4 5 8 6 6 8 3 7 6 3 7 
1     6 2 3 6   7 4 5 5 1 7 9 4 1 4 9 5 5 8 2 2 8 
7 8     9   9   6 8 4 2 4 5 3 7 6 5 8 7 3 3 9 4 4 
    6 8 3 6   8 5 7 6 1 7 8 5 9 5 1 4 5 4 3 1 4 4 
  6 3 8 1 7   8 7 3 3 8 7 8 2 2 4 5 9 4 5 9 8 8 6 
  5   9 1 4     6 6 7 9 2 1 7 1 5 5 5 2 6 6 5 6 2 
8 4 5   8       4 2 7 1 1 3 1 7 3 7 5 2 7 4 3 5 9 
5   7 6 2 4   3 2 5 5 2 5 7 7 4 7 9 6 1 4 9 7 7 3 
9 2     5 3 7   5 9 3 7 5 9 7 6 1 2 9 5 3 2 2 4 9 
5   3 7 6   2 3 9 7 3 2 2 2 1 2 6 8 9 5 3 6 9 3 4 
3 5 6 8 2 8 6 2 2 7 6 2 9 9 8 3 6 3 8 1 5 1 1 6 2 
9 3 3 4 2 3   2 6 1 7 3 3 8 6 5 5 8 5 7 7 6 2 4 7 
3 7 8   5 1   4 7 5 1 5 9 3 4 5 6 5 8 7 3 4 6 6 5 
6 1 1 6 2 6 3 1 5 6 1 6 5 3 5 3 7 5 3 5 1 3 6 4 9 
7 4 4 3 9 3   8 8 8 5 1 6 9 4 2 8 8 2 8 4 8 1 2 8 
7 9 8 2 2 1 8 9 9 5 1 5 9 4 5 4 8 4 3 1 5 4 2 6 7 
7 6 4 9 6 5 5 9 9 3 5 8 9 1 8 7 4 3 8 5 3 3 9 3 4 
9 5 1 5 1 3 2 9 4 6 1 3 7 9 8 6 1 6 6 8 8 6 3 3 9 
8 9 2 2 5 7 5 8 1 1 8 8 1 9 7 5 7 8 6 1 9 8 7 8 1 

