Initial Board:
9 1 8 2 6 7 4 9 2 1 
5 2 8 4 2 8 9 8 2 9 
9 1 5 9 2 2 4 5 9 3 
7 1 1 3 6 3 6 6 5 5 
4 9 1 3 9 9 8 4 8 2 
8 6 8 8 4 5 8 4 9 2 
6 8 5 6 6 4 6 2 5 9 
8 3 8 9 9 9 9 3 9 5 
4 2 * 7 5 4 9 7 3 5 
7 2 9 9 4 3 3 5 5 9 

Step 1:
9 1 8 2 6 7 4 9 2 1 
5 2 8 4 2 8 9 8 2 9 
9 1 5 9 2 2 4 5 9 3 
7 1 1 3 6 3 6 6 5 5 
4 9 1 3 9 9 8 4 8 2 
8 6 8 8 4 5 8 4 9 2 
6 8 5 6 6 4 6 2 5 9 
8 3 8 9 9 9 9 3 9 5 
4 2   7 5 4 9 7 3 * 
7 2 9 9 4 3 3 5 5 9 

Step 2:
9 1 8 2 6 7 4 9 2 1 
5 2 8 4 2 8 9 8 2 9 
9 1 5 9 2 2 4 5 9 3 
7 1 1 3 6 3 6 6 5 * 
4 9 1 3 9 9 8 4 8 2 
8 6 8 8 4 5 8 4 9 2 
6 8 5 6 6 4 6 2 5 9 
8 3 8 9 9 9 9 3 9 5 
4 2   7 5 4 9 7 3   
7 2 9 9 4 3 3 5 5 9 

Step 3:
9 1 8 2 6 7 4 9 2 1 
5 2 8 4 2 8 9 8 2 9 
9 1 5 9 2 2 4 5 9 3 
7 1 1 3 * 3 6 6 5   
4 9 1 3 9 9 8 4 8 2 
8 6 8 8 4 5 8 4 9 2 
6 8 5 6 6 4 6 2 5 9 
8 3 8 9 9 9 9 3 9 5 
4 2   7 5 4 9 7 3   
7 2 9 9 4 3 3 5 5 9 

Step 4:
9 1 8 2 6 7 4 9 2 1 
5 2 8 4 2 8 9 8 2 9 
9 1 5 9 2 2 4 5 9 3 
7 1 1 3   3 6 * 5   
4 9 1 3 9 9 8 4 8 2 
8 6 8 8 4 5 8 4 9 2 
6 8 5 6 6 4 6 2 5 9 
8 3 8 9 9 9 9 3 9 5 
4 2   7 5 4 9 7 3   
7 2 9 9 4 3 3 5 5 9 

Step 5:
9 1 8 2 6 7 4 9 2 1 
5 2 8 4 2 8 9 8 2 9 
9 1 5 9 2 2 4 5 9 3 
7 1 1 3   3 6   5   
4 9 1 3 9 9 8 4 8 2 
8 6 8 8 4 5 8 4 9 2 
6 8 5 6 6 4 6 2 5 9 
8 3 8 9 9 9 9 * 9 5 
4 2   7 5 4 9 7 3   
7 2 9 9 4 3 3 5 5 9 

Step 6:
9 1 8 2 6 7 4 9 2 1 
5 2 8 4 2 8 9 8 2 9 
9 1 5 9 2 2 4 5 9 3 
7 1 1 3   3 6   5   
4 9 1 3 9 9 8 4 8 2 
8 6 8 8 4 5 8 * 9 2 
6 8 5 6 6 4 6 2 5 9 
8 3 8 9 9 9 9   9 5 
4 2   7 5 4 9 7 3   
7 2 9 9 4 3 3 5 5 9 

Step 7:
9 1 8 2 6 7 4 9 2 1 
5 2 8 4 2 8 9 * 2 9 
9 1 5 9 2 2 4 5 9 3 
7 1 1 3   3 6   5   
4 9 1 3 9 9 8 4 8 2 
8 6 8 8 4 5 8   9 2 
6 8 5 6 6 4 6 2 5 9 
8 3 8 9 9 9 9   9 5 
4 2   7 5 4 9 7 3   
7 2 9 9 4 3 3 5 5 9 

Step 8:
9 1 8 2 6 7 4 9 2 1 
5 2 8 4 2 8 9   2 * 
9 1 5 9 2 2 4 5 9 3 
7 1 1 3   3 6   5   
4 9 1 3 9 9 8 4 8 2 
8 6 8 8 4 5 8   9 2 
6 8 5 6 6 4 6 2 5 9 
8 3 8 9 9 9 9   9 5 
4 2   7 5 4 9 7 3   
7 2 9 9 4 3 3 5 5 9 

Step 9:
9 1 8 2 6 7 4 9 2 1 
5 2 8 4 2 8 9   2   
9 1 5 9 2 2 4 5 9 3 
7 1 1 3   3 6   5   
4 9 1 3 9 9 8 4 8 * 
8 6 8 8 4 5 8   9 2 
6 8 5 6 6 4 6 2 5 9 
8 3 8 9 9 9 9   9 5 
4 2   7 5 4 9 7 3   
7 2 9 9 4 3 3 5 5 9 

Step 10:
9 1 8 2 6 7 4 9 2 1 
5 2 8 4 2 8 9   2   
9 1 5 9 2 2 4 5 9 3 
7 1 1 3   3 6   5   
4 * 1 3 9 9 8 4 8   
8 6 8 8 4 5 8   9 2 
6 8 5 6 6 4 6 2 5 9 
8 3 8 9 9 9 9   9 5 
4 2   7 5 4 9 7 3   
7 2 9 9 4 3 3 5 5 9 

Step 11:
9 1 8 2 6 7 4 9 2 1 
5 2 8 4 2 8 9   2   
9 1 5 9 2 2 4 5 9 3 
7 * 1 3   3 6   5   
4   1 3 9 9 8 4 8   
8 6 8 8 4 5 8   9 2 
6 8 5 6 6 4 6 2 5 9 
8 3 8 9 9 9 9   9 5 
4 2   7 5 4 9 7 3   
7 2 9 9 4 3 3 5 5 9 

Step 12:
9 1 8 2 6 7 4 9 2 1 
5 2 8 4 2 8 9   2   
9 * 5 9 2 2 4 5 9 3 
7   1 3   3 6   5   
4   1 3 9 9 8 4 8   
8 6 8 8 4 5 8   9 2 
6 8 5 6 6 4 6 2 5 9 
8 3 8 9 9 9 9   9 5 
4 2   7 5 4 9 7 3   
7 2 9 9 4 3 3 5 5 9 

Step 13:
9 * 8 2 6 7 4 9 2 1 
5 2 8 4 2 8 9   2   
9   5 9 2 2 4 5 9 3 
7   1 3   3 6   5   
4   1 3 9 9 8 4 8   
8 6 8 8 4 5 8   9 2 
6 8 5 6 6 4 6 2 5 9 
8 3 8 9 9 9 9   9 5 
4 2   7 5 4 9 7 3   
7 2 9 9 4 3 3 5 5 9 

Step 14:
9   8 2 6 7 4 9 2 * 
5 2 8 4 2 8 9   2   
9   5 9 2 2 4 5 9 3 
7   1 3   3 6   5   
4   1 3 9 9 8 4 8   
8 6 8 8 4 5 8   9 2 
6 8 5 6 6 4 6 2 5 9 
8 3 8 9 9 9 9   9 5 
4 2   7 5 4 9 7 3   
7 2 9 9 4 3 3 5 5 9 

Step 15:
9   8 2 6 7 4 9 2   
5 2 8 4 2 8 9   2   
9   5 9 2 2 4 * 9 3 
7   1 3   3 6   5   
4   1 3 9 9 8 4 8   
8 6 8 8 4 5 8   9 2 
6 8 5 6 6 4 6 2 5 9 
8 3 8 9 9 9 9   9 5 
4 2   7 5 4 9 7 3   
7 2 9 9 4 3 3 5 5 9 

Step 16:
9   8 2 6 7 4 9 2   
5 2 8 4 2 8 9   2   
9   5 9 2 2 4   9 3 
7   1 3   3 6   5   
4   1 3 9 9 8 4 8   
8 6 8 8 4 5 8   9 2 
6 8 5 6 6 4 6 2 5 9 
8 3 8 9 9 9 9   9 5 
4 *   7 5 4 9 7 3   
7 2 9 9 4 3 3 5 5 9 

Step 17:
9   8 2 6 7 4 9 2   
5 2 8 4 2 8 9   2   
9   5 9 2 2 4   9 3 
7   1 3   3 6   5   
4   1 3 9 9 8 4 8   
8 * 8 8 4 5 8   9 2 
6 8 5 6 6 4 6 2 5 9 
8 3 8 9 9 9 9   9 5 
4     7 5 4 9 7 3   
7 2 9 9 4 3 3 5 5 9 

Step 18:
9   8 2 6 7 4 9 2   
5 2 8 4 2 8 9   2   
9   5 9 2 2 4   9 3 
7   1 3   3 6   5   
4   1 3 9 9 8 4 8   
8   8 8 4 5 8   9 * 
6 8 5 6 6 4 6 2 5 9 
8 3 8 9 9 9 9   9 5 
4     7 5 4 9 7 3   
7 2 9 9 4 3 3 5 5 9 

Step 19:
9   8 2 6 7 4 9 2   
5 2 8 4 2 8 9   2   
9   5 9 2 2 4   9 3 
7   1 3   3 6   5   
4   1 3 9 9 8 4 8   
*   8 8 4 5 8   9   
6 8 5 6 6 4 6 2 5 9 
8 3 8 9 9 9 9   9 5 
4     7 5 4 9 7 3   
7 2 9 9 4 3 3 5 5 9 

Step 20:
9   8 2 6 7 4 9 2   
* 2 8 4 2 8 9   2   
9   5 9 2 2 4   9 3 
7   1 3   3 6   5   
4   1 3 9 9 8 4 8   
    8 8 4 5 8   9   
6 8 5 6 6 4 6 2 5 9 
8 3 8 9 9 9 9   9 5 
4     7 5 4 9 7 3   
7 2 9 9 4 3 3 5 5 9 

Step 21:
9   8 2 6 7 4 9 2   
  2 * 4 2 8 9   2   
9   5 9 2 2 4   9 3 
7   1 3   3 6   5   
4   1 3 9 9 8 4 8   
    8 8 4 5 8   9   
6 8 5 6 6 4 6 2 5 9 
8 3 8 9 9 9 9   9 5 
4     7 5 4 9 7 3   
7 2 9 9 4 3 3 5 5 9 

Step 22:
9   8 2 6 7 4 9 2   
  2   4 2 8 *   2   
9   5 9 2 2 4   9 3 
7   1 3   3 6   5   
4   1 3 9 9 8 4 8   
    8 8 4 5 8   9   
6 8 5 6 6 4 6 2 5 9 
8 3 8 9 9 9 9   9 5 
4     7 5 4 9 7 3   
7 2 9 9 4 3 3 5 5 9 

Step 23:
9   8 2 6 7 4 9 2   
  2   4 2 8     2   
9   5 9 2 2 4   9 3 
7   1 3   3 6   5   
4   1 3 9 9 8 4 8   
    8 8 4 5 *   9   
6 8 5 6 6 4 6 2 5 9 
8 3 8 9 9 9 9   9 5 
4     7 5 4 9 7 3   
7 2 9 9 4 3 3 5 5 9 

Step 24:
9   8 2 6 7 4 9 2   
  2   4 2 8     2   
9   5 9 2 2 4   9 3 
7   1 3   3 6   5   
4   1 3 9 9 8 4 8   
    8 8 4 5     9   
6 8 5 6 6 4 6 2 5 9 
8 3 8 9 9 9 9   9 5 
4     7 5 4 9 7 3   
7 2 * 9 4 3 3 5 5 9 

Step 25:
9   8 2 6 7 4 9 2   
  2   4 2 8     2   
9   5 9 2 2 4   9 * 
7   1 3   3 6   5   
4   1 3 9 9 8 4 8   
    8 8 4 5     9   
6 8 5 6 6 4 6 2 5 9 
8 3 8 9 9 9 9   9 5 
4     7 5 4 9 7 3   
7 2   9 4 3 3 5 5 9 

Step 26:
9   8 2 6 7 4 * 2   
  2   4 2 8     2   
9   5 9 2 2 4   9   
7   1 3   3 6   5   
4   1 3 9 9 8 4 8   
    8 8 4 5     9   
6 8 5 6 6 4 6 2 5 9 
8 3 8 9 9 9 9   9 5 
4     7 5 4 9 7 3   
7 2   9 4 3 3 5 5 9 

Step 27:
9   8 * 6 7 4   2   
  2   4 2 8     2   
9   5 9 2 2 4   9   
7   1 3   3 6   5   
4   1 3 9 9 8 4 8   
    8 8 4 5     9   
6 8 5 6 6 4 6 2 5 9 
8 3 8 9 9 9 9   9 5 
4     7 5 4 9 7 3   
7 2   9 4 3 3 5 5 9 

Step 28:
9   8   6 7 4   2   
  2   4 2 8     2   
9   5 9 2 * 4   9   
7   1 3   3 6   5   
4   1 3 9 9 8 4 8   
    8 8 4 5     9   
6 8 5 6 6 4 6 2 5 9 
8 3 8 9 9 9 9   9 5 
4     7 5 4 9 7 3   
7 2   9 4 3 3 5 5 9 

Step 29:
9   8   6 7 4   2   
  2   4 2 8     2   
9   5 * 2   4   9   
7   1 3   3 6   5   
4   1 3 9 9 8 4 8   
    8 8 4 5     9   
6 8 5 6 6 4 6 2 5 9 
8 3 8 9 9 9 9   9 5 
4     7 5 4 9 7 3   
7 2   9 4 3 3 5 5 9 

Step 30:
9   8   6 * 4   2   
  2   4 2 8     2   
9   5   2   4   9   
7   1 3   3 6   5   
4   1 3 9 9 8 4 8   
    8 8 4 5     9   
6 8 5 6 6 4 6 2 5 9 
8 3 8 9 9 9 9   9 5 
4     7 5 4 9 7 3   
7 2   9 4 3 3 5 5 9 

Step 31:
9   8   6   4   2   
  2   4 2 8     2   
9   5   2   4   9   
7   1 3   3 6   5   
4   1 3 9 9 8 4 8   
    8 8 4 5     9   
6 8 5 6 6 4 6 2 5 9 
8 3 8 9 9 9 9   9 5 
4     7 5 * 9 7 3   
7 2   9 4 3 3 5 5 9 

Step 32:
9   8   6   4   2   
  2   4 2 8     2   
9   5   2   4   9   
7   1 3   3 6   5   
4   1 3 9 9 8 4 8   
    8 8 4 5     9   
6 8 5 6 6 4 6 2 5 9 
8 3 8 9 9 9 9   9 5 
*     7 5   9 7 3   
7 2   9 4 3 3 5 5 9 

Step 33:
9   8   6   4   2   
  2   4 2 8     2   
9   5   2   4   9   
7   1 3   3 6   5   
4   1 3 9 9 8 4 8   
    8 * 4 5     9   
6 8 5 6 6 4 6 2 5 9 
8 3 8 9 9 9 9   9 5 
      7 5   9 7 3   
7 2   9 4 3 3 5 5 9 

Step 34:
9   8   6   4   2   
  2   4 2 8     2   
9   5   2   4   9   
7   1 3   3 6   5   
4   * 3 9 9 8 4 8   
    8   4 5     9   
6 8 5 6 6 4 6 2 5 9 
8 3 8 9 9 9 9   9 5 
      7 5   9 7 3   
7 2   9 4 3 3 5 5 9 

Step 35:
9   8   6   4   2   
  2   4 2 8     2   
9   5   2   4   9   
7   * 3   3 6   5   
4     3 9 9 8 4 8   
    8   4 5     9   
6 8 5 6 6 4 6 2 5 9 
8 3 8 9 9 9 9   9 5 
      7 5   9 7 3   
7 2   9 4 3 3 5 5 9 

Step 36:
9   8   6   4   2   
  2   4 2 8     2   
9   5   2   4   9   
7     3   * 6   5   
4     3 9 9 8 4 8   
    8   4 5     9   
6 8 5 6 6 4 6 2 5 9 
8 3 8 9 9 9 9   9 5 
      7 5   9 7 3   
7 2   9 4 3 3 5 5 9 

Step 37:
9   8   6   4   2   
  2   * 2 8     2   
9   5   2   4   9   
7     3     6   5   
4     3 9 9 8 4 8   
    8   4 5     9   
6 8 5 6 6 4 6 2 5 9 
8 3 8 9 9 9 9   9 5 
      7 5   9 7 3   
7 2   9 4 3 3 5 5 9 

Step 38:
9   8   6   4   2   
  2     2 *     2   
9   5   2   4   9   
7     3     6   5   
4     3 9 9 8 4 8   
    8   4 5     9   
6 8 5 6 6 4 6 2 5 9 
8 3 8 9 9 9 9   9 5 
      7 5   9 7 3   
7 2   9 4 3 3 5 5 9 

Step 39:
9   8   6   4   2   
  2     2       2   
9   5   2   4   9   
7     *     6   5   
4     3 9 9 8 4 8   
    8   4 5     9   
6 8 5 6 6 4 6 2 5 9 
8 3 8 9 9 9 9   9 5 
      7 5   9 7 3   
7 2   9 4 3 3 5 5 9 

Step 40:
9   8   6   4   2   
  2     2       2   
9   5   2   4   9   
7           6   5   
4     3 9 9 8 4 8   
    8   4 5     9   
6 8 5 * 6 4 6 2 5 9 
8 3 8 9 9 9 9   9 5 
      7 5   9 7 3   
7 2   9 4 3 3 5 5 9 

Step 41:
9   8   6   4   2   
  2     2       2   
9   5   2   4   9   
7           6   5   
4     3 9 9 8 4 8   
    8   4 5     9   
6 8 5   6 4 6 2 5 * 
8 3 8 9 9 9 9   9 5 
      7 5   9 7 3   
7 2   9 4 3 3 5 5 9 

Step 42:
9   8   6   4   2   
  2     2       2   
9   5   2   4   9   
7           6   5   
4     3 9 9 8 4 8   
    8   4 5     9   
6 8 5   * 4 6 2 5   
8 3 8 9 9 9 9   9 5 
      7 5   9 7 3   
7 2   9 4 3 3 5 5 9 

Step 43:
9   8   6   4   2   
  2     2       2   
9   5   *   4   9   
7           6   5   
4     3 9 9 8 4 8   
    8   4 5     9   
6 8 5     4 6 2 5   
8 3 8 9 9 9 9   9 5 
      7 5   9 7 3   
7 2   9 4 3 3 5 5 9 

Step 44:
9   8   *   4   2   
  2     2       2   
9   5       4   9   
7           6   5   
4     3 9 9 8 4 8   
    8   4 5     9   
6 8 5     4 6 2 5   
8 3 8 9 9 9 9   9 5 
      7 5   9 7 3   
7 2   9 4 3 3 5 5 9 

