Initial Board:
4 3 5 5 8 1 1 4 5 9 
6 3 6 2 1 5 8 5 8 5 
8 7 1 8 4 5 6 2 2 1 
2 4 3 6 9 4 3 2 1 4 
8 5 8 9 8 9 3 7 4 1 
5 3 2 4 7 6 9 4 9 8 
3 1 1 2 4 1 8 2 6 * 
1 6 4 6 8 8 3 7 4 4 
4 8 3 8 1 4 3 9 2 2 
6 5 3 9 7 8 6 2 1 7 

Step 1:
4 3 5 5 8 1 1 4 5 9 
6 3 6 2 1 5 8 5 8 5 
8 7 1 8 4 5 6 2 2 1 
2 4 3 6 9 4 3 2 1 4 
8 5 8 9 8 9 3 7 4 1 
5 3 2 4 7 6 9 4 9 8 
3 1 1 * 4 1 8 2 6   
1 6 4 6 8 8 3 7 4 4 
4 8 3 8 1 4 3 9 2 2 
6 5 3 9 7 8 6 2 1 7 

Step 2:
4 3 5 5 8 1 1 4 5 9 
6 3 6 2 1 5 8 5 8 5 
8 7 1 * 4 5 6 2 2 1 
2 4 3 6 9 4 3 2 1 4 
8 5 8 9 8 9 3 7 4 1 
5 3 2 4 7 6 9 4 9 8 
3 1 1   4 1 8 2 6   
1 6 4 6 8 8 3 7 4 4 
4 8 3 8 1 4 3 9 2 2 
6 5 3 9 7 8 6 2 1 7 

Step 3:
4 3 5 5 8 1 1 4 5 9 
6 3 6 2 1 5 8 5 8 5 
8 7 1   4 5 6 2 2 1 
2 4 3 6 9 4 3 2 1 4 
8 5 8 9 8 9 3 7 4 1 
5 3 2 4 7 6 9 4 9 8 
3 1 1   4 1 8 2 6   
1 6 4 6 8 8 3 7 4 4 
4 8 3 * 1 4 3 9 2 2 
6 5 3 9 7 8 6 2 1 7 

Step 4:
4 3 5 5 8 1 1 4 5 9 
6 3 6 2 1 5 8 5 8 5 
8 7 1   4 5 6 2 2 1 
2 4 3 6 9 4 3 2 1 4 
8 5 8 9 8 9 3 7 4 1 
5 3 2 4 7 6 9 4 9 8 
3 1 1   4 1 8 2 6   
1 6 4 6 8 8 3 7 4 4 
4 8 3   * 4 3 9 2 2 
6 5 3 9 7 8 6 2 1 7 

Step 5:
4 3 5 5 * 1 1 4 5 9 
6 3 6 2 1 5 8 5 8 5 
8 7 1   4 5 6 2 2 1 
2 4 3 6 9 4 3 2 1 4 
8 5 8 9 8 9 3 7 4 1 
5 3 2 4 7 6 9 4 9 8 
3 1 1   4 1 8 2 6   
1 6 4 6 8 8 3 7 4 4 
4 8 3     4 3 9 2 2 
6 5 3 9 7 8 6 2 1 7 

Step 6:
4 3 5 5   1 1 4 5 9 
6 3 6 2 1 5 8 5 8 5 
8 7 1   4 5 6 2 2 1 
2 4 3 6 9 4 3 2 1 4 
8 5 8 9 8 9 3 7 4 1 
5 3 2 4 7 6 9 4 9 * 
3 1 1   4 1 8 2 6   
1 6 4 6 8 8 3 7 4 4 
4 8 3     4 3 9 2 2 
6 5 3 9 7 8 6 2 1 7 

Step 7:
4 3 5 5   1 1 4 5 9 
6 3 6 2 1 5 8 5 8 5 
8 7 1   4 5 6 2 2 1 
2 4 3 6 9 4 3 2 1 4 
8 5 8 9 8 9 3 7 4 1 
* 3 2 4 7 6 9 4 9   
3 1 1   4 1 8 2 6   
1 6 4 6 8 8 3 7 4 4 
4 8 3     4 3 9 2 2 
6 5 3 9 7 8 6 2 1 7 

Step 8:
4 3 5 5   1 1 4 5 9 
6 3 6 2 1 5 8 5 8 5 
8 7 1   4 5 6 2 2 1 
2 4 3 6 9 4 3 2 1 4 
8 5 8 9 8 9 3 7 4 1 
  3 2 4 7 6 9 4 9   
3 1 1   4 1 8 2 6   
1 6 4 6 8 8 3 7 4 4 
* 8 3     4 3 9 2 2 
6 5 3 9 7 8 6 2 1 7 

Step 9:
4 3 5 5   1 1 4 5 9 
6 3 6 2 1 5 8 5 8 5 
8 7 1   4 5 6 2 2 1 
2 4 3 6 9 4 3 2 1 4 
8 5 8 9 8 9 3 7 4 1 
  3 2 4 7 6 9 4 9   
3 1 1   4 1 8 2 6   
* 6 4 6 8 8 3 7 4 4 
  8 3     4 3 9 2 2 
6 5 3 9 7 8 6 2 1 7 

Step 10:
4 3 5 5   1 1 4 5 9 
6 3 6 2 1 5 8 5 8 5 
8 7 1   4 5 6 2 2 1 
2 4 3 6 9 4 3 2 1 4 
8 5 8 9 8 9 3 7 4 1 
  3 2 4 7 6 9 4 9   
3 * 1   4 1 8 2 6   
  6 4 6 8 8 3 7 4 4 
  8 3     4 3 9 2 2 
6 5 3 9 7 8 6 2 1 7 

Step 11:
4 3 5 5   1 1 4 5 9 
6 3 6 2 1 5 8 5 8 5 
8 7 1   4 5 6 2 2 1 
2 4 3 6 9 4 3 2 1 4 
8 5 8 * 8 9 3 7 4 1 
  3 2 4 7 6 9 4 9   
3   1   4 1 8 2 6   
  6 4 6 8 8 3 7 4 4 
  8 3     4 3 9 2 2 
6 5 3 9 7 8 6 2 1 7 

Step 12:
4 3 5 5   1 1 4 5 9 
* 3 6 2 1 5 8 5 8 5 
8 7 1   4 5 6 2 2 1 
2 4 3 6 9 4 3 2 1 4 
8 5 8   8 9 3 7 4 1 
  3 2 4 7 6 9 4 9   
3   1   4 1 8 2 6   
  6 4 6 8 8 3 7 4 4 
  8 3     4 3 9 2 2 
6 5 3 9 7 8 6 2 1 7 

Step 13:
4 3 5 5   1 1 4 5 9 
  3 6 2 1 5 8 5 8 5 
8 7 1   4 5 6 2 2 1 
2 4 3 6 9 4 3 2 1 4 
8 5 8   8 9 3 7 4 1 
  3 2 4 7 6 9 4 9   
3   1   4 1 8 2 6   
  6 4 6 8 8 3 7 4 4 
  8 3     4 3 * 2 2 
6 5 3 9 7 8 6 2 1 7 

Step 14:
4 3 5 5   1 1 4 5 9 
  3 6 2 1 5 8 5 8 5 
8 7 1   4 5 6 2 2 1 
2 4 3 6 9 4 3 2 1 4 
8 5 8   8 9 3 7 4 1 
  3 2 4 7 6 9 4 9   
3   1   4 1 8 2 6   
  6 4 6 8 8 3 7 4 4 
  8 3     4 3   2 * 
6 5 3 9 7 8 6 2 1 7 

Step 15:
4 3 5 5   1 1 4 5 9 
  3 6 2 1 5 8 5 8 5 
8 7 1   4 5 6 2 2 1 
2 4 3 6 9 4 3 2 1 4 
8 5 8   8 9 3 7 4 * 
  3 2 4 7 6 9 4 9   
3   1   4 1 8 2 6   
  6 4 6 8 8 3 7 4 4 
  8 3     4 3   2   
6 5 3 9 7 8 6 2 1 7 

Step 16:
4 3 5 5   1 1 4 5 * 
  3 6 2 1 5 8 5 8 5 
8 7 1   4 5 6 2 2 1 
2 4 3 6 9 4 3 2 1 4 
8 5 8   8 9 3 7 4   
  3 2 4 7 6 9 4 9   
3   1   4 1 8 2 6   
  6 4 6 8 8 3 7 4 4 
  8 3     4 3   2   
6 5 3 9 7 8 6 2 1 7 

Step 17:
4 3 5 5   1 1 4 5   
  3 6 2 1 5 8 5 8 5 
8 7 1   4 5 6 2 2 1 
2 4 3 6 9 4 3 2 1 4 
8 5 8   8 9 3 7 4   
  3 2 4 7 6 9 4 9   
3   1   4 1 8 2 6   
  6 4 6 8 8 3 7 4 4 
  * 3     4 3   2   
6 5 3 9 7 8 6 2 1 7 

Step 18:
4 3 5 5   1 1 4 5   
  3 6 2 1 5 8 5 8 5 
8 * 1   4 5 6 2 2 1 
2 4 3 6 9 4 3 2 1 4 
8 5 8   8 9 3 7 4   
  3 2 4 7 6 9 4 9   
3   1   4 1 8 2 6   
  6 4 6 8 8 3 7 4 4 
    3     4 3   2   
6 5 3 9 7 8 6 2 1 7 

Step 19:
4 3 5 5   1 1 4 5   
  3 6 2 1 5 8 5 8 5 
8   1   4 5 6 2 2 1 
2 4 3 6 9 4 3 2 1 4 
8 5 8   8 9 3 7 4   
  3 2 4 * 6 9 4 9   
3   1   4 1 8 2 6   
  6 4 6 8 8 3 7 4 4 
    3     4 3   2   
6 5 3 9 7 8 6 2 1 7 

Step 20:
4 3 5 5   1 1 4 5   
  3 6 2 1 5 8 5 8 5 
8   1   4 5 6 2 2 1 
2 4 3 6 9 4 3 2 1 4 
8 5 8   8 9 3 7 4   
  3 2 4   6 9 4 9   
3   1   4 1 8 2 6   
  6 4 6 8 8 3 7 4 4 
    3     4 3   2   
6 5 3 9 * 8 6 2 1 7 

Step 21:
4 3 5 5   1 1 4 5   
  3 6 2 1 5 8 5 8 5 
8   1   4 5 6 2 2 1 
2 4 3 6 9 4 3 2 1 4 
8 5 8   8 9 3 7 4   
  3 2 4   6 9 4 *   
3   1   4 1 8 2 6   
  6 4 6 8 8 3 7 4 4 
    3     4 3   2   
6 5 3 9   8 6 2 1 7 

Step 22:
4 3 5 5   1 1 4 5   
  3 6 2 1 5 8 5 * 5 
8   1   4 5 6 2 2 1 
2 4 3 6 9 4 3 2 1 4 
8 5 8   8 9 3 7 4   
  3 2 4   6 9 4     
3   1   4 1 8 2 6   
  6 4 6 8 8 3 7 4 4 
    3     4 3   2   
6 5 3 9   8 6 2 1 7 

Step 23:
4 3 5 5   1 1 4 5   
  3 6 * 1 5 8 5   5 
8   1   4 5 6 2 2 1 
2 4 3 6 9 4 3 2 1 4 
8 5 8   8 9 3 7 4   
  3 2 4   6 9 4     
3   1   4 1 8 2 6   
  6 4 6 8 8 3 7 4 4 
    3     4 3   2   
6 5 3 9   8 6 2 1 7 

Step 24:
4 3 5 5   1 1 4 5   
  3 6   * 5 8 5   5 
8   1   4 5 6 2 2 1 
2 4 3 6 9 4 3 2 1 4 
8 5 8   8 9 3 7 4   
  3 2 4   6 9 4     
3   1   4 1 8 2 6   
  6 4 6 8 8 3 7 4 4 
    3     4 3   2   
6 5 3 9   8 6 2 1 7 

Step 25:
4 3 5 5   * 1 4 5   
  3 6     5 8 5   5 
8   1   4 5 6 2 2 1 
2 4 3 6 9 4 3 2 1 4 
8 5 8   8 9 3 7 4   
  3 2 4   6 9 4     
3   1   4 1 8 2 6   
  6 4 6 8 8 3 7 4 4 
    3     4 3   2   
6 5 3 9   8 6 2 1 7 

Step 26:
4 3 5 5     1 4 5   
  3 6     5 8 5   5 
8   1   4 5 6 2 2 1 
2 4 3 6 9 4 3 2 1 4 
8 5 8   8 9 3 7 4   
  3 2 4   * 9 4     
3   1   4 1 8 2 6   
  6 4 6 8 8 3 7 4 4 
    3     4 3   2   
6 5 3 9   8 6 2 1 7 

Step 27:
4 3 5 5     1 4 5   
  3 6     5 8 5   5 
8   1   4 5 6 2 2 1 
2 4 3 6 9 4 3 2 1 4 
8 5 8   8 9 3 7 4   
  3 2 4     9 4     
3   1   4 * 8 2 6   
  6 4 6 8 8 3 7 4 4 
    3     4 3   2   
6 5 3 9   8 6 2 1 7 

Step 28:
4 3 5 5     1 4 5   
  3 6     5 8 5   5 
8   1   4 5 6 2 2 1 
2 4 3 6 9 4 3 2 1 4 
8 5 8   8 9 3 7 4   
  3 2 4     9 4     
3   1   4   8 2 6   
  6 4 6 8 8 3 7 4 4 
    3     4 3   2   
6 5 3 9   8 6 2 * 7 

Step 29:
4 3 5 5     1 4 5   
  3 6     5 8 5   5 
8   1   4 5 6 2 2 1 
2 4 3 6 9 4 3 2 1 4 
8 5 8   8 9 3 7 4   
  3 2 4     9 4     
3   1   4   8 2 6   
  6 4 6 8 8 3 7 4 4 
    3     4 3   2   
6 5 3 9   8 * 2   7 

Step 30:
4 3 5 5     1 4 5   
  3 6     5 8 5   5 
8   1   4 5 6 2 2 1 
2 4 3 6 9 4 3 2 1 4 
8 5 8   8 9 3 7 4   
  3 2 4     9 4     
3   1   4   * 2 6   
  6 4 6 8 8 3 7 4 4 
    3     4 3   2   
6 5 3 9   8   2   7 

Step 31:
4 3 5 5     1 4 5   
  3 6     5 8 5   5 
8   1   4 5 6 2 2 1 
2 4 3 6 9 4 3 2 1 4 
8 5 8   8 9 3 7 4   
  3 2 4     9 4     
3   1   4     2 *   
  6 4 6 8 8 3 7 4 4 
    3     4 3   2   
6 5 3 9   8   2   7 

Step 32:
4 3 5 5     1 4 5   
  3 6     5 8 5   5 
8   1   * 5 6 2 2 1 
2 4 3 6 9 4 3 2 1 4 
8 5 8   8 9 3 7 4   
  3 2 4     9 4     
3   1   4     2     
  6 4 6 8 8 3 7 4 4 
    3     4 3   2   
6 5 3 9   8   2   7 

Step 33:
4 3 5 5     1 4 5   
  3 6     5 8 5   5 
8   1     5 6 2 2 * 
2 4 3 6 9 4 3 2 1 4 
8 5 8   8 9 3 7 4   
  3 2 4     9 4     
3   1   4     2     
  6 4 6 8 8 3 7 4 4 
    3     4 3   2   
6 5 3 9   8   2   7 

Step 34:
4 3 5 5     1 4 5   
  3 6     5 8 5   5 
8   1     5 6 * 2   
2 4 3 6 9 4 3 2 1 4 
8 5 8   8 9 3 7 4   
  3 2 4     9 4     
3   1   4     2     
  6 4 6 8 8 3 7 4 4 
    3     4 3   2   
6 5 3 9   8   2   7 

Step 35:
4 3 5 5     1 4 5   
  3 6     5 8 5   5 
8   1     5 6   2   
2 4 3 6 9 4 3 2 * 4 
8 5 8   8 9 3 7 4   
  3 2 4     9 4     
3   1   4     2     
  6 4 6 8 8 3 7 4 4 
    3     4 3   2   
6 5 3 9   8   2   7 

Step 36:
4 3 5 5     1 4 5   
  3 6     5 8 5   5 
8   1     5 6   2   
2 4 3 6 9 4 * 2   4 
8 5 8   8 9 3 7 4   
  3 2 4     9 4     
3   1   4     2     
  6 4 6 8 8 3 7 4 4 
    3     4 3   2   
6 5 3 9   8   2   7 

Step 37:
4 3 5 5     1 4 5   
  3 6     5 8 5   5 
8   1     5 6   2   
2 4 * 6 9 4   2   4 
8 5 8   8 9 3 7 4   
  3 2 4     9 4     
3   1   4     2     
  6 4 6 8 8 3 7 4 4 
    3     4 3   2   
6 5 3 9   8   2   7 

Step 38:
4 3 5 5     1 4 5   
  3 6     5 8 5   5 
8   *     5 6   2   
2 4   6 9 4   2   4 
8 5 8   8 9 3 7 4   
  3 2 4     9 4     
3   1   4     2     
  6 4 6 8 8 3 7 4 4 
    3     4 3   2   
6 5 3 9   8   2   7 

Step 39:
4 3 5 5     1 4 5   
  3 6     5 8 5   5 
8         5 6   2   
2 4   6 9 4   2   4 
8 5 8   8 9 3 7 4   
  3 2 4     9 4     
3   1   4     2     
  6 4 6 8 8 3 7 4 4 
    3     4 3   *   
6 5 3 9   8   2   7 

Step 40:
4 3 5 5     1 4 5   
  * 6     5 8 5   5 
8         5 6   2   
2 4   6 9 4   2   4 
8 5 8   8 9 3 7 4   
  3 2 4     9 4     
3   1   4     2     
  6 4 6 8 8 3 7 4 4 
    3     4 3       
6 5 3 9   8   2   7 

Step 41:
4 3 5 5     1 4 5   
    6     5 8 *   5 
8         5 6   2   
2 4   6 9 4   2   4 
8 5 8   8 9 3 7 4   
  3 2 4     9 4     
3   1   4     2     
  6 4 6 8 8 3 7 4 4 
    3     4 3       
6 5 3 9   8   2   7 

Step 42:
4 3 5 5     1 4 5   
    6     5 8     5 
8         5 6   2   
2 4   6 9 4   2   * 
8 5 8   8 9 3 7 4   
  3 2 4     9 4     
3   1   4     2     
  6 4 6 8 8 3 7 4 4 
    3     4 3       
6 5 3 9   8   2   7 

Step 43:
4 3 5 5     1 4 5   
    6     5 8     5 
8         5 6   2   
2 4   6 9 4   2     
8 5 8   8 9 3 7 4   
  3 2 4     9 4     
3   1   4     2     
  6 4 6 8 * 3 7 4 4 
    3     4 3       
6 5 3 9   8   2   7 

Step 44:
4 3 5 5     1 4 5   
    6     5 8     5 
8         5 6   2   
2 4   6 9 4   2     
8 5 8   8 9 3 7 4   
  3 2 4     9 4     
3   1   4     2     
  6 4 6 8   3 7 * 4 
    3     4 3       
6 5 3 9   8   2   7 

Step 45:
4 3 5 5     1 4 5   
    6     5 8     5 
8         5 6   2   
2 4   6 9 4   2     
8 5 8   8 9 3 7 4   
  3 2 4     * 4     
3   1   4     2     
  6 4 6 8   3 7   4 
    3     4 3       
6 5 3 9   8   2   7 

Step 46:
4 3 5 5     1 4 5   
    6     5 8     5 
8         5 *   2   
2 4   6 9 4   2     
8 5 8   8 9 3 7 4   
  3 2 4       4     
3   1   4     2     
  6 4 6 8   3 7   4 
    3     4 3       
6 5 3 9   8   2   7 

Step 47:
4 3 5 5     1 4 5   
    6     5 8     5 
8         5     2   
2 4   6 9 4   2     
8 5 8   8 9 3 7 4   
  3 2 4       4     
3   *   4     2     
  6 4 6 8   3 7   4 
    3     4 3       
6 5 3 9   8   2   7 

Step 48:
4 3 5 5     1 4 5   
    6     5 8     5 
8         5     2   
2 4   6 9 4   2     
8 5 *   8 9 3 7 4   
  3 2 4       4     
3       4     2     
  6 4 6 8   3 7   4 
    3     4 3       
6 5 3 9   8   2   7 

Step 49:
4 3 5 5     1 4 5   
    6     5 8     5 
8         5     2   
2 4   6 9 4   2     
8 5     8 9 3 7 4   
  3 2 4       4     
3       4     2     
  6 4 6 8   3 7   4 
    3     4 *       
6 5 3 9   8   2   7 

Step 50:
4 3 5 5     1 4 5   
    6     5 8     5 
8         5     2   
2 4   6 9 4   2     
8 5     8 9 3 7 4   
  3 2 4       4     
3       4     2     
  6 4 6 8   3 7   4 
    *     4         
6 5 3 9   8   2   7 

Step 51:
4 3 5 5     1 4 5   
    6     5 8     5 
8         5     *   
2 4   6 9 4   2     
8 5     8 9 3 7 4   
  3 2 4       4     
3       4     2     
  6 4 6 8   3 7   4 
          4         
6 5 3 9   8   2   7 

Step 52:
4 3 5 5     1 4 5   
    6     5 8     5 
8         5         
2 4   6 9 4   2     
8 5     8 9 * 7 4   
  3 2 4       4     
3       4     2     
  6 4 6 8   3 7   4 
          4         
6 5 3 9   8   2   7 

Step 53:
4 3 * 5     1 4 5   
    6     5 8     5 
8         5         
2 4   6 9 4   2     
8 5     8 9   7 4   
  3 2 4       4     
3       4     2     
  6 4 6 8   3 7   4 
          4         
6 5 3 9   8   2   7 

Step 54:
4 3   5     1 * 5   
    6     5 8     5 
8         5         
2 4   6 9 4   2     
8 5     8 9   7 4   
  3 2 4       4     
3       4     2     
  6 4 6 8   3 7   4 
          4         
6 5 3 9   8   2   7 

Step 55:
4 3   5     *   5   
    6     5 8     5 
8         5         
2 4   6 9 4   2     
8 5     8 9   7 4   
  3 2 4       4     
3       4     2     
  6 4 6 8   3 7   4 
          4         
6 5 3 9   8   2   7 

Step 56:
4 3   5         5   
    6     5 8     5 
8         5         
2 4   6 9 4   2     
8 5     8 9   7 4   
  * 2 4       4     
3       4     2     
  6 4 6 8   3 7   4 
          4         
6 5 3 9   8   2   7 

Step 57:
4 *   5         5   
    6     5 8     5 
8         5         
2 4   6 9 4   2     
8 5     8 9   7 4   
    2 4       4     
3       4     2     
  6 4 6 8   3 7   4 
          4         
6 5 3 9   8   2   7 

Step 58:
4     5         5   
    6     5 8     5 
8         5         
2 4   6 9 4   2     
8 5     8 9   7 4   
    2 4       4     
3       4     *     
  6 4 6 8   3 7   4 
          4         
6 5 3 9   8   2   7 

