Initial Board:
3 5 7 1 3 7 7 4 6 4 
9 2 5 6 7 6 5 9 4 9 
7 4 2 3 3 7 9 9 5 3 
3 6 6 3 2 4 2 4 3 5 
8 2 7 5 3 6 7 8 8 7 
8 2 6 4 7 7 9 1 * 7 
3 8 1 2 7 4 8 2 9 2 
1 1 9 7 9 9 1 3 2 1 
3 5 6 5 5 6 2 2 7 5 
7 8 2 7 8 1 7 9 6 7 

Step 1:
3 5 7 1 3 7 7 4 6 4 
9 2 5 6 7 6 5 9 4 9 
7 4 2 3 3 7 9 9 5 3 
3 6 6 3 2 4 2 4 3 5 
8 2 7 5 3 6 7 8 8 7 
8 2 6 4 7 7 9 1   7 
3 8 1 2 7 4 8 2 9 2 
1 1 9 7 9 9 * 3 2 1 
3 5 6 5 5 6 2 2 7 5 
7 8 2 7 8 1 7 9 6 7 

Step 2:
3 5 7 1 3 7 7 4 6 4 
9 2 5 6 7 6 5 9 4 9 
7 4 2 3 3 7 9 9 5 3 
3 6 * 3 2 4 2 4 3 5 
8 2 7 5 3 6 7 8 8 7 
8 2 6 4 7 7 9 1   7 
3 8 1 2 7 4 8 2 9 2 
1 1 9 7 9 9   3 2 1 
3 5 6 5 5 6 2 2 7 5 
7 8 2 7 8 1 7 9 6 7 

Step 3:
3 5 7 1 3 * 7 4 6 4 
9 2 5 6 7 6 5 9 4 9 
7 4 2 3 3 7 9 9 5 3 
3 6   3 2 4 2 4 3 5 
8 2 7 5 3 6 7 8 8 7 
8 2 6 4 7 7 9 1   7 
3 8 1 2 7 4 8 2 9 2 
1 1 9 7 9 9   3 2 1 
3 5 6 5 5 6 2 2 7 5 
7 8 2 7 8 1 7 9 6 7 

Step 4:
3 5 * 1 3   7 4 6 4 
9 2 5 6 7 6 5 9 4 9 
7 4 2 3 3 7 9 9 5 3 
3 6   3 2 4 2 4 3 5 
8 2 7 5 3 6 7 8 8 7 
8 2 6 4 7 7 9 1   7 
3 8 1 2 7 4 8 2 9 2 
1 1 9 7 9 9   3 2 1 
3 5 6 5 5 6 2 2 7 5 
7 8 2 7 8 1 7 9 6 7 

Step 5:
3 5   * 3   7 4 6 4 
9 2 5 6 7 6 5 9 4 9 
7 4 2 3 3 7 9 9 5 3 
3 6   3 2 4 2 4 3 5 
8 2 7 5 3 6 7 8 8 7 
8 2 6 4 7 7 9 1   7 
3 8 1 2 7 4 8 2 9 2 
1 1 9 7 9 9   3 2 1 
3 5 6 5 5 6 2 2 7 5 
7 8 2 7 8 1 7 9 6 7 

Step 6:
3 5     3   * 4 6 4 
9 2 5 6 7 6 5 9 4 9 
7 4 2 3 3 7 9 9 5 3 
3 6   3 2 4 2 4 3 5 
8 2 7 5 3 6 7 8 8 7 
8 2 6 4 7 7 9 1   7 
3 8 1 2 7 4 8 2 9 2 
1 1 9 7 9 9   3 2 1 
3 5 6 5 5 6 2 2 7 5 
7 8 2 7 8 1 7 9 6 7 

Step 7:
3 5     3     4 6 4 
9 2 5 6 7 6 5 9 4 9 
7 4 2 3 3 7 9 9 5 3 
3 6   3 2 4 2 4 3 5 
8 2 7 5 3 6 7 8 8 7 
8 2 6 4 7 7 9 1   7 
* 8 1 2 7 4 8 2 9 2 
1 1 9 7 9 9   3 2 1 
3 5 6 5 5 6 2 2 7 5 
7 8 2 7 8 1 7 9 6 7 

Step 8:
3 5     3     4 6 4 
9 2 5 6 7 6 5 9 4 9 
7 4 2 3 3 7 9 9 5 3 
3 6   3 2 4 2 4 3 5 
8 2 * 5 3 6 7 8 8 7 
8 2 6 4 7 7 9 1   7 
  8 1 2 7 4 8 2 9 2 
1 1 9 7 9 9   3 2 1 
3 5 6 5 5 6 2 2 7 5 
7 8 2 7 8 1 7 9 6 7 

Step 9:
3 5     3     4 6 4 
9 2 5 6 7 * 5 9 4 9 
7 4 2 3 3 7 9 9 5 3 
3 6   3 2 4 2 4 3 5 
8 2   5 3 6 7 8 8 7 
8 2 6 4 7 7 9 1   7 
  8 1 2 7 4 8 2 9 2 
1 1 9 7 9 9   3 2 1 
3 5 6 5 5 6 2 2 7 5 
7 8 2 7 8 1 7 9 6 7 

Step 10:
3 5     3     4 6 4 
9 2 5 6 7   5 9 4 9 
7 4 2 3 3 7 9 9 5 3 
3 6   3 2 4 2 4 3 5 
8 2   5 3 6 7 8 8 7 
8 2 6 4 7 7 9 1   7 
  8 1 2 7 4 8 2 9 2 
1 1 9 7 9 9   3 2 1 
3 5 6 5 5 * 2 2 7 5 
7 8 2 7 8 1 7 9 6 7 

Step 11:
3 5     3     4 6 4 
9 2 5 6 7   5 9 4 9 
7 4 2 3 3 7 9 9 5 3 
3 6   3 2 4 2 4 3 5 
8 2   5 3 6 7 8 8 7 
8 2 6 4 7 7 9 1   7 
  8 1 2 7 4 8 2 9 2 
1 1 9 7 9 9   3 2 1 
3 5 6 5 5   2 2 7 5 
7 8 2 7 8 * 7 9 6 7 

Step 12:
3 5     3     4 6 4 
9 2 5 6 7   5 9 4 9 
7 4 2 3 3 7 9 9 5 3 
3 6   3 2 4 2 4 3 5 
* 2   5 3 6 7 8 8 7 
8 2 6 4 7 7 9 1   7 
  8 1 2 7 4 8 2 9 2 
1 1 9 7 9 9   3 2 1 
3 5 6 5 5   2 2 7 5 
7 8 2 7 8   7 9 6 7 

Step 13:
3 5     3     4 6 4 
9 2 5 6 7   5 9 4 9 
7 4 2 3 3 7 9 9 5 3 
3 6   3 2 4 2 4 3 5 
  2   5 3 6 7 8 8 7 
8 2 6 4 7 7 9 1   7 
  8 * 2 7 4 8 2 9 2 
1 1 9 7 9 9   3 2 1 
3 5 6 5 5   2 2 7 5 
7 8 2 7 8   7 9 6 7 

Step 14:
3 5     3     4 6 4 
9 2 5 6 7   5 9 4 9 
7 4 2 3 3 7 * 9 5 3 
3 6   3 2 4 2 4 3 5 
  2   5 3 6 7 8 8 7 
8 2 6 4 7 7 9 1   7 
  8   2 7 4 8 2 9 2 
1 1 9 7 9 9   3 2 1 
3 5 6 5 5   2 2 7 5 
7 8 2 7 8   7 9 6 7 

Step 15:
3 5     3     4 6 4 
9 2 5 6 7   5 9 4 9 
7 4 2 3 3 7   9 5 3 
3 6   3 2 4 2 4 3 5 
  2   5 3 6 * 8 8 7 
8 2 6 4 7 7 9 1   7 
  8   2 7 4 8 2 9 2 
1 1 9 7 9 9   3 2 1 
3 5 6 5 5   2 2 7 5 
7 8 2 7 8   7 9 6 7 

Step 16:
3 5     3     4 6 4 
9 2 5 6 7   5 9 4 9 
7 4 2 3 3 7   9 5 3 
3 6   3 2 4 2 4 3 5 
  2   5 3 6   8 8 7 
8 2 6 4 7 7 9 *   7 
  8   2 7 4 8 2 9 2 
1 1 9 7 9 9   3 2 1 
3 5 6 5 5   2 2 7 5 
7 8 2 7 8   7 9 6 7 

Step 17:
3 5     3     4 6 4 
9 2 5 6 7   5 9 4 9 
7 4 2 3 3 7   9 5 3 
3 6   3 2 4 2 4 3 5 
  2   5 3 6   8 8 7 
8 2 6 4 7 7 9     7 
  8   2 7 4 8 2 9 2 
1 1 9 7 9 9   * 2 1 
3 5 6 5 5   2 2 7 5 
7 8 2 7 8   7 9 6 7 

Step 18:
3 5     3     4 6 4 
9 2 5 6 7   5 9 4 9 
7 4 2 3 3 7   9 5 3 
3 6   3 2 4 2 4 3 5 
  2   5 3 6   8 8 7 
8 2 6 4 7 7 9     7 
  8   2 7 4 8 2 9 2 
1 1 9 7 9 9     2 * 
3 5 6 5 5   2 2 7 5 
7 8 2 7 8   7 9 6 7 

Step 19:
3 5     3     4 6 4 
9 2 5 6 7   5 9 4 9 
7 4 2 3 3 7   9 5 3 
3 6   3 2 4 2 4 3 5 
  2   5 3 6   8 8 7 
8 2 6 4 7 7 9     * 
  8   2 7 4 8 2 9 2 
1 1 9 7 9 9     2   
3 5 6 5 5   2 2 7 5 
7 8 2 7 8   7 9 6 7 

